0 1.000000 0.000000
1 0.998375 0.002741
2 0.996750 0.004000
3 0.995125 0.004888
4 0.993125 0.005694
5 0.991750 0.006180
6 0.990063 0.006909
7 0.988250 0.006919
8 0.986250 0.007181
9 0.984312 0.007474
10 0.982500 0.008244
11 0.981187 0.008592
12 0.979812 0.009051
13 0.978000 0.009621
14 0.976375 0.009866
15 0.974938 0.010289
16 0.972938 0.010719
17 0.971000 0.011372
18 0.969250 0.011648
19 0.967125 0.012075
20 0.965750 0.012326
21 0.964313 0.012478
22 0.963000 0.012676
23 0.961438 0.012810
24 0.959875 0.012905
25 0.958187 0.013249
26 0.956000 0.013490
27 0.954187 0.014144
28 0.952562 0.014499
29 0.951250 0.015436
30 0.949812 0.015321
31 0.948187 0.015545
32 0.947250 0.015138
33 0.945250 0.015003
34 0.943000 0.015744
35 0.941625 0.016279
36 0.940250 0.016567
37 0.939000 0.016680
38 0.937625 0.017184
39 0.935812 0.017586
40 0.934438 0.017422
41 0.932500 0.017875
42 0.931125 0.017940
43 0.929562 0.018411
44 0.927812 0.018058
45 0.926437 0.017608
46 0.925250 0.017808
47 0.923875 0.018036
48 0.921937 0.017622
49 0.920750 0.018831
50 0.919688 0.019210
51 0.918063 0.019180
52 0.916938 0.019209
53 0.915625 0.019715
54 0.914500 0.019563
55 0.913063 0.020119
56 0.912250 0.019584
57 0.910875 0.019796
58 0.909125 0.019930
59 0.907750 0.020255
60 0.906937 0.020250
61 0.905625 0.020587
62 0.904188 0.020654
63 0.903750 0.020898
64 0.903063 0.020396
65 0.901750 0.020598
66 0.900813 0.021040
67 0.899812 0.021185
68 0.898688 0.020564
69 0.897500 0.021524
70 0.896625 0.021110
71 0.895625 0.021768
72 0.894500 0.021475
73 0.893875 0.021901
74 0.893250 0.022529
75 0.892125 0.021877
76 0.891563 0.021855
77 0.890563 0.022035
78 0.889437 0.022547
79 0.888813 0.022901
80 0.887438 0.023807
81 0.885375 0.023605
82 0.885062 0.023567
83 0.883500 0.023627
84 0.882187 0.023341
85 0.881563 0.023224
86 0.880313 0.022868
87 0.878875 0.023163
88 0.878375 0.023476
89 0.877250 0.023627
90 0.875750 0.023273
91 0.874813 0.023954
92 0.873125 0.024101
93 0.872313 0.023721
94 0.870875 0.023221
95 0.869875 0.023325
96 0.868625 0.023049
97 0.867625 0.023241
98 0.866875 0.023873
99 0.865375 0.024454
100 0.863750 0.024780
101 0.863312 0.024806
102 0.862250 0.024124
103 0.861688 0.024006
104 0.860812 0.024026
105 0.860188 0.024633
106 0.858813 0.024766
107 0.858125 0.024820
108 0.857313 0.024686
109 0.856500 0.024983
110 0.855937 0.025285
111 0.855062 0.024933
112 0.854125 0.025081
113 0.852312 0.025026
114 0.851062 0.025511
115 0.850500 0.025413
116 0.849500 0.025228
117 0.849062 0.024818
118 0.847687 0.025073
119 0.846750 0.025958
120 0.845750 0.026099
121 0.845125 0.026214
122 0.844125 0.026277
123 0.843813 0.027207
124 0.843625 0.026897
125 0.843375 0.026690
126 0.842625 0.027292
127 0.842500 0.027443
128 0.841312 0.027612
129 0.840688 0.027691
130 0.840125 0.027217
131 0.839438 0.027052
132 0.839000 0.027855
133 0.838250 0.028191
134 0.837437 0.028346
135 0.836625 0.028285
136 0.836063 0.028213
137 0.836063 0.028241
138 0.835375 0.027912
139 0.834375 0.028580
140 0.833625 0.028937
141 0.832750 0.029397
142 0.832250 0.028868
143 0.831375 0.028993
144 0.830688 0.028873
145 0.829437 0.029105
146 0.828375 0.029626
147 0.827312 0.029878
148 0.826750 0.029316
149 0.826625 0.029083
150 0.825688 0.029354
151 0.825313 0.030005
152 0.824938 0.029732
153 0.824062 0.029106
154 0.823375 0.028444
155 0.822563 0.028047
156 0.821688 0.028415
157 0.821500 0.028330
158 0.820750 0.028213
159 0.820375 0.027438
160 0.819875 0.028026
161 0.819438 0.027851
162 0.818688 0.027888
163 0.818125 0.027479
164 0.818000 0.027561
165 0.817813 0.027788
166 0.817500 0.028201
167 0.817312 0.028530
168 0.816688 0.028805
169 0.817250 0.028327
170 0.816937 0.028536
171 0.816062 0.028274
172 0.815563 0.028825
173 0.814813 0.028867
174 0.813688 0.029616
175 0.813438 0.029280
176 0.813250 0.029051
177 0.812688 0.029201
178 0.812312 0.029348
179 0.811500 0.028963
180 0.811625 0.028832
181 0.810750 0.028887
182 0.810000 0.028243
183 0.808688 0.028186
184 0.808563 0.028169
185 0.808125 0.028139
186 0.807438 0.028432
187 0.806625 0.028761
188 0.806125 0.028723
189 0.805500 0.028522
190 0.805125 0.028551
191 0.805125 0.028945
192 0.804875 0.029189
193 0.804250 0.028748
194 0.803625 0.029331
195 0.803000 0.029810
196 0.802437 0.030116
197 0.801750 0.030441
198 0.800687 0.029920
199 0.799813 0.030317
200 0.798813 0.030448
201 0.798000 0.030997
202 0.797375 0.031785
203 0.797250 0.031266
204 0.796500 0.031316
205 0.795938 0.031528
206 0.796125 0.031964
207 0.795563 0.032359
208 0.794875 0.032553
209 0.794562 0.032267
210 0.794812 0.032404
211 0.794125 0.032486
212 0.794125 0.032546
213 0.793875 0.031536
214 0.793313 0.031278
215 0.793063 0.031224
216 0.792375 0.031195
217 0.792250 0.030722
218 0.791688 0.030810
219 0.791063 0.030532
220 0.790438 0.030188
221 0.789938 0.030103
222 0.789438 0.030035
223 0.788750 0.029804
224 0.787500 0.029765
225 0.787250 0.029999
226 0.787625 0.030000
227 0.787000 0.030126
228 0.786438 0.030118
229 0.785750 0.030517
230 0.785625 0.029706
231 0.785312 0.028918
232 0.784875 0.029264
233 0.784313 0.028865
234 0.783625 0.029525
235 0.783250 0.030167
236 0.782813 0.029874
237 0.782250 0.030806
238 0.782063 0.030969
239 0.781938 0.030656
240 0.781438 0.030929
241 0.780562 0.031249
242 0.780125 0.031849
243 0.779937 0.032683
244 0.779500 0.033214
245 0.779125 0.032909
246 0.778063 0.032698
247 0.777250 0.032265
248 0.777188 0.031922
249 0.776375 0.032651
250 0.776437 0.031977
251 0.775500 0.032544
252 0.775500 0.031951
253 0.775750 0.031316
254 0.774812 0.030777
255 0.774063 0.031516
256 0.773625 0.031132
257 0.773250 0.030874
258 0.772313 0.031178
259 0.772250 0.030763
260 0.772125 0.031230
261 0.771937 0.031530
262 0.772188 0.031280
263 0.771625 0.031800
264 0.771438 0.031945
265 0.771125 0.032509
266 0.771062 0.032866
267 0.770937 0.031984
268 0.770250 0.031784
269 0.769750 0.031321
270 0.769875 0.031330
271 0.769500 0.031416
272 0.768875 0.030784
273 0.767750 0.031632
274 0.767313 0.031609
275 0.766750 0.032112
276 0.766875 0.032289
277 0.766625 0.032430
278 0.765750 0.033453
279 0.765500 0.033125
280 0.765188 0.033252
281 0.764875 0.033573
282 0.764375 0.034238
283 0.764187 0.033388
284 0.763562 0.033013
285 0.763375 0.033843
286 0.762437 0.034375
287 0.761937 0.034788
288 0.760937 0.035093
289 0.760500 0.034561
290 0.760062 0.034976
291 0.759687 0.035038
292 0.760187 0.034963
293 0.760500 0.034797
294 0.760188 0.033838
295 0.760313 0.034948
296 0.760750 0.035168
297 0.761313 0.034761
298 0.759875 0.035424
299 0.760000 0.035366
300 0.759875 0.035534
301 0.758813 0.035948
302 0.757750 0.035818
303 0.758000 0.036175
304 0.758063 0.035259
305 0.757125 0.035904
306 0.757062 0.036095
307 0.756438 0.036082
308 0.755688 0.036262
309 0.755813 0.036521
310 0.755688 0.037511
311 0.755313 0.037514
312 0.754750 0.037854
313 0.754125 0.037136
314 0.753875 0.037571
315 0.754125 0.037073
316 0.754062 0.036725
317 0.753375 0.036512
318 0.753250 0.036491
319 0.753000 0.036556
320 0.752125 0.035742
321 0.751375 0.035461
322 0.751438 0.035530
323 0.751312 0.035907
324 0.750937 0.036146
325 0.750812 0.036483
326 0.750625 0.036641
327 0.750187 0.036577
328 0.750125 0.036710
329 0.749750 0.036346
330 0.749687 0.036179
331 0.749563 0.036510
332 0.750062 0.036790
333 0.749563 0.036745
334 0.749750 0.037238
335 0.749625 0.036581
336 0.749250 0.036724
337 0.749125 0.036912
338 0.749250 0.036113
339 0.749250 0.036059
340 0.749125 0.035925
341 0.749250 0.034835
342 0.748687 0.035270
343 0.748562 0.035332
344 0.748562 0.035727
345 0.747750 0.036288
346 0.747250 0.036468
347 0.747687 0.036515
348 0.747500 0.036411
349 0.747063 0.036630
350 0.746813 0.036673
351 0.747000 0.036716
352 0.747250 0.037190
353 0.746562 0.037410
354 0.746500 0.037576
355 0.746438 0.037865
356 0.746312 0.037563
357 0.745500 0.037677
358 0.745000 0.037039
359 0.745500 0.037271
360 0.745250 0.036977
361 0.745500 0.036573
362 0.745875 0.036025
363 0.745500 0.035861
364 0.744938 0.036074
365 0.745062 0.035480
366 0.744687 0.035060
367 0.744500 0.034418
368 0.744188 0.034315
369 0.744000 0.034471
370 0.744375 0.034341
371 0.744125 0.034367
372 0.744000 0.034334
373 0.743937 0.033940
374 0.743500 0.034437
375 0.743125 0.034261
376 0.743063 0.034550
377 0.742813 0.034248
378 0.742000 0.033600
379 0.741500 0.033465
380 0.741188 0.032126
381 0.740563 0.031641
382 0.739500 0.032269
383 0.739937 0.031917
384 0.740313 0.031738
385 0.740500 0.031887
386 0.739313 0.031316
387 0.739563 0.031549
388 0.739187 0.031385
389 0.738750 0.031137
390 0.738438 0.030713
391 0.737750 0.030168
392 0.737563 0.030484
393 0.737562 0.030930
394 0.737375 0.030784
395 0.737375 0.030259
396 0.737750 0.029751
397 0.738313 0.030627
398 0.738437 0.030890
399 0.738313 0.030371
400 0.738813 0.030315
401 0.739125 0.030486
402 0.739000 0.030338
403 0.738563 0.030040
404 0.737938 0.029185
405 0.737375 0.028953
406 0.736875 0.028960
407 0.737000 0.028596
408 0.736563 0.028206
409 0.736250 0.027684
410 0.735875 0.027932
411 0.735250 0.028181
412 0.734562 0.027535
413 0.734062 0.027277
414 0.734312 0.027944
415 0.734000 0.028371
416 0.733687 0.028517
417 0.733375 0.028970
418 0.733125 0.029242
419 0.732813 0.029506
420 0.732687 0.029406
421 0.732438 0.029708
422 0.732562 0.029886
423 0.732812 0.029187
424 0.732937 0.030270
425 0.732625 0.030047
426 0.733188 0.030729
427 0.732500 0.030580
428 0.732750 0.030620
429 0.732750 0.030415
430 0.732563 0.030456
431 0.732375 0.030238
432 0.732313 0.029541
433 0.732625 0.029785
434 0.732250 0.029563
435 0.731750 0.029177
436 0.731750 0.029097
437 0.731313 0.029494
438 0.731625 0.029219
439 0.731188 0.029415
440 0.731000 0.029460
441 0.731063 0.029600
442 0.730813 0.030224
443 0.730375 0.030143
444 0.730063 0.030204
445 0.729875 0.030137
446 0.729625 0.030665
447 0.729187 0.030195
448 0.728875 0.030807
449 0.728687 0.030734
450 0.728688 0.030235
451 0.728938 0.030818
452 0.729500 0.031525
453 0.729062 0.031566
454 0.728875 0.032268
455 0.727875 0.032565
456 0.727750 0.032791
457 0.727500 0.033048
458 0.727187 0.033229
459 0.726875 0.033814
460 0.727000 0.033505
461 0.726563 0.033510
462 0.726188 0.033409
463 0.726437 0.032809
464 0.726250 0.034107
465 0.726063 0.034732
466 0.725625 0.034827
467 0.725625 0.034748
468 0.725250 0.034719
469 0.725000 0.035565
470 0.725000 0.035245
471 0.724063 0.035227
472 0.724063 0.034453
473 0.724000 0.034218
474 0.724563 0.033497
475 0.724188 0.033873
476 0.724375 0.033430
477 0.724312 0.033818
478 0.724625 0.033898
479 0.724937 0.034307
480 0.725250 0.034380
481 0.725125 0.034471
482 0.725687 0.034220
483 0.725062 0.033418
484 0.724625 0.033305
485 0.723938 0.034279
486 0.723938 0.034709
487 0.723437 0.034892
488 0.723687 0.034064
489 0.722937 0.034108
490 0.723625 0.034296
491 0.723625 0.034726
492 0.722875 0.034485
493 0.722938 0.034290
494 0.723125 0.034273
495 0.723562 0.034864
496 0.723375 0.034478
497 0.723750 0.034697
498 0.724063 0.034487
499 0.724312 0.034865
500 0.724000 0.035308
501 0.723750 0.035729
502 0.724062 0.035973
503 0.724250 0.036446
504 0.723687 0.036511
505 0.724187 0.036654
506 0.724125 0.036997
507 0.724312 0.036603
508 0.723875 0.037011
509 0.724063 0.036831
510 0.723688 0.036543
511 0.723375 0.037319
512 0.723313 0.037248
513 0.723125 0.037847
514 0.723562 0.038016
515 0.724063 0.038328
516 0.723625 0.037506
517 0.724813 0.036927
518 0.724625 0.036645
519 0.724500 0.035944
520 0.723875 0.035514
521 0.723125 0.035691
522 0.723062 0.035878
523 0.722937 0.035850
524 0.723063 0.035955
525 0.722625 0.035792
526 0.722187 0.036200
527 0.722437 0.036024
528 0.721875 0.036191
529 0.721500 0.036070
530 0.721438 0.036414
531 0.721000 0.037013
532 0.720750 0.037405
533 0.720438 0.037737
534 0.720000 0.037583
535 0.720313 0.037587
536 0.720313 0.037887
537 0.719688 0.038083
538 0.719813 0.037469
539 0.720438 0.037727
540 0.720313 0.037970
541 0.720250 0.038142
542 0.720062 0.037336
543 0.719750 0.037580
544 0.719625 0.036986
545 0.719063 0.037347
546 0.718375 0.037664
547 0.718125 0.038360
548 0.716875 0.038238
549 0.716313 0.038303
550 0.716938 0.038123
551 0.716625 0.037544
552 0.716750 0.037363
553 0.716812 0.037309
554 0.717125 0.036993
555 0.716437 0.037025
556 0.716125 0.037220
557 0.716250 0.037385
558 0.715875 0.038011
559 0.715438 0.037421
560 0.715375 0.038114
561 0.715438 0.038114
562 0.715063 0.038701
563 0.714563 0.038962
564 0.713812 0.039423
565 0.713312 0.039446
566 0.713437 0.039185
567 0.713313 0.038331
568 0.712812 0.038031
569 0.712625 0.037625
570 0.712750 0.037800
571 0.712625 0.037790
572 0.712187 0.038083
573 0.711875 0.037296
574 0.712250 0.037259
575 0.712125 0.037226
576 0.711938 0.037574
577 0.712313 0.037149
578 0.711563 0.037201
579 0.711312 0.037694
580 0.711000 0.038397
581 0.711500 0.038858
582 0.711500 0.038777
583 0.711500 0.038747
584 0.711125 0.038997
585 0.711625 0.039499
586 0.711688 0.039683
587 0.711313 0.039644
588 0.710438 0.040049
589 0.710375 0.040158
590 0.710063 0.039715
591 0.710250 0.040064
592 0.709688 0.039631
593 0.709563 0.040063
594 0.709500 0.040141
595 0.709313 0.039995
596 0.709188 0.040228
597 0.709813 0.040168
598 0.710250 0.039878
599 0.709938 0.039440
600 0.709688 0.039463
601 0.709688 0.039423
602 0.709063 0.040101
603 0.708875 0.039103
604 0.708438 0.038965
605 0.708563 0.039495
606 0.708125 0.039839
607 0.708438 0.039680
608 0.708625 0.039586
609 0.709375 0.039839
610 0.709750 0.040295
611 0.709562 0.040383
612 0.709875 0.040352
613 0.709375 0.040171
614 0.709562 0.039926
615 0.709437 0.040306
616 0.709437 0.040093
617 0.709625 0.040004
618 0.710187 0.040026
619 0.710250 0.040034
620 0.710688 0.040061
621 0.710187 0.039791
622 0.710437 0.039470
623 0.710688 0.039313
624 0.710813 0.039478
625 0.710687 0.039204
626 0.710250 0.039066
627 0.709750 0.039174
628 0.709375 0.038074
629 0.710250 0.038654
630 0.710812 0.038718
631 0.711375 0.039115
632 0.710812 0.038920
633 0.710375 0.039590
634 0.710687 0.039452
635 0.709625 0.039473
636 0.710000 0.040000
637 0.710062 0.039852
638 0.710687 0.039778
639 0.710687 0.040178
640 0.711125 0.040035
641 0.710438 0.040079
642 0.710313 0.040130
643 0.709562 0.040769
644 0.708875 0.041233
645 0.708750 0.041316
646 0.708562 0.040732
647 0.708937 0.041309
648 0.709375 0.041406
649 0.709562 0.041556
650 0.709875 0.041157
651 0.709312 0.041293
652 0.708687 0.041069
653 0.708375 0.041262
654 0.708125 0.041349
655 0.707500 0.041373
656 0.706687 0.041101
657 0.706000 0.041021
658 0.705500 0.040958
659 0.706500 0.041211
660 0.706500 0.041981
661 0.705812 0.042253
662 0.705375 0.042546
663 0.704937 0.042585
664 0.705000 0.041936
665 0.704750 0.042187
666 0.705063 0.042580
667 0.704625 0.042790
668 0.704500 0.042473
669 0.705125 0.041883
670 0.705375 0.042647
671 0.705937 0.042264
672 0.706250 0.042288
673 0.706500 0.042186
674 0.706125 0.041814
675 0.706437 0.041302
676 0.706187 0.041226
677 0.706375 0.041991
678 0.706625 0.041229
679 0.707687 0.041644
680 0.707750 0.041402
681 0.708375 0.040900
682 0.708125 0.041055
683 0.707313 0.041013
684 0.707000 0.040968
685 0.707063 0.040914
686 0.706625 0.041049
687 0.706625 0.041654
688 0.706563 0.042079
689 0.706375 0.041935
690 0.705687 0.042150
691 0.705437 0.042579
692 0.705625 0.041847
693 0.705750 0.041577
694 0.705187 0.041232
695 0.704813 0.041962
696 0.704812 0.042517
697 0.704562 0.042655
698 0.704500 0.042418
699 0.704812 0.042992
700 0.705125 0.042723
701 0.704750 0.043076
702 0.704687 0.042888
703 0.704937 0.043205
704 0.704688 0.043851
705 0.704500 0.043724
706 0.704563 0.043444
707 0.704688 0.043735
708 0.704313 0.044085
709 0.704250 0.044087
710 0.703688 0.044151
711 0.703813 0.044825
712 0.703563 0.045141
713 0.703750 0.045026
714 0.703875 0.044937
715 0.703625 0.045010
716 0.703438 0.045211
717 0.703250 0.045625
718 0.703438 0.045718
719 0.703313 0.046422
720 0.703688 0.046234
721 0.703938 0.046517
722 0.703813 0.046695
723 0.703875 0.046894
724 0.703625 0.046956
725 0.703000 0.047529
726 0.703250 0.046916
727 0.703250 0.047281
728 0.702813 0.047098
729 0.703250 0.046574
730 0.702813 0.045982
731 0.703500 0.045306
732 0.703000 0.045496
733 0.703812 0.045181
734 0.703250 0.045393
735 0.703750 0.045544
736 0.703250 0.045333
737 0.702875 0.045047
738 0.702313 0.045066
739 0.702187 0.045125
740 0.702062 0.045226
741 0.702312 0.045300
742 0.702688 0.045080
743 0.703000 0.044533
744 0.702062 0.043893
745 0.702187 0.043958
746 0.702000 0.043345
747 0.702437 0.044193
748 0.702375 0.044614
749 0.701937 0.045447
750 0.701938 0.044596
751 0.701875 0.044393
752 0.701813 0.043636
753 0.701500 0.043140
754 0.701750 0.042812
755 0.701875 0.042339
756 0.701438 0.041897
757 0.701562 0.041902
758 0.701125 0.041320
759 0.701688 0.040830
760 0.701938 0.040598
761 0.701937 0.041019
762 0.702500 0.041089
763 0.702625 0.041769
764 0.703063 0.041725
765 0.703125 0.041084
766 0.703187 0.040893
767 0.703000 0.041008
768 0.703188 0.040951
769 0.703500 0.040527
770 0.703938 0.040201
771 0.703938 0.039958
772 0.703625 0.040021
773 0.703813 0.039754
774 0.703375 0.039945
775 0.703625 0.039747
776 0.703812 0.038860
777 0.703688 0.038559
778 0.703375 0.038774
779 0.703125 0.038492
780 0.703063 0.038207
781 0.702625 0.038701
782 0.702562 0.038427
783 0.702250 0.037868
784 0.702187 0.037805
785 0.701437 0.037964
786 0.701687 0.037623
787 0.702375 0.037226
788 0.702812 0.036852
789 0.702750 0.036873
790 0.702750 0.036862
791 0.702187 0.036768
792 0.702438 0.037468
793 0.702875 0.036800
794 0.703000 0.036201
795 0.702688 0.036553
796 0.702063 0.036923
797 0.701875 0.037296
798 0.701563 0.037462
799 0.701000 0.036686
800 0.700312 0.037159
801 0.700375 0.037132
802 0.700688 0.037269
803 0.701063 0.037729
804 0.701188 0.037952
805 0.701563 0.038267
806 0.701750 0.038589
807 0.701375 0.039197
808 0.701063 0.038751
809 0.700625 0.039156
810 0.701062 0.039805
811 0.701062 0.040069
812 0.700750 0.040207
813 0.700438 0.040420
814 0.700188 0.039975
815 0.700375 0.039832
816 0.700312 0.039690
817 0.700500 0.039889
818 0.700625 0.039533
819 0.701000 0.039328
820 0.701812 0.039134
821 0.702125 0.038428
822 0.703000 0.038390
823 0.703500 0.037804
824 0.703438 0.036895
825 0.703500 0.037011
826 0.703375 0.036566
827 0.703438 0.036351
828 0.703500 0.036307
829 0.703187 0.036050
830 0.702875 0.036006
831 0.702250 0.036159
832 0.701875 0.036384
833 0.702250 0.036652
834 0.702125 0.037010
835 0.702500 0.037562
836 0.702187 0.037629
837 0.702062 0.037636
838 0.701625 0.037931
839 0.701750 0.038090
840 0.701562 0.037836
841 0.701000 0.037539
842 0.701125 0.037608
843 0.701250 0.037102
844 0.702062 0.036444
845 0.701812 0.036777
846 0.701500 0.037313
847 0.701750 0.037594
848 0.701687 0.037623
849 0.701375 0.037786
850 0.701750 0.037812
851 0.701563 0.037691
852 0.701562 0.038410
853 0.701375 0.038259
854 0.700563 0.037905
855 0.700563 0.038162
856 0.701250 0.038629
857 0.700812 0.038747
858 0.700000 0.039101
859 0.699750 0.039240
860 0.700625 0.038966
861 0.701313 0.038531
862 0.701562 0.038602
863 0.701625 0.038817
864 0.702062 0.038650
865 0.702375 0.038596
866 0.702562 0.038872
867 0.703312 0.039887
868 0.703312 0.040063
869 0.702187 0.040228
870 0.701937 0.040608
871 0.702437 0.040165
872 0.702062 0.039291
873 0.701812 0.039895
874 0.701250 0.040302
875 0.701187 0.040924
876 0.702187 0.040072
877 0.702187 0.040585
878 0.702625 0.041166
879 0.702000 0.041663
880 0.701937 0.041998
881 0.701687 0.041541
882 0.701813 0.041724
883 0.701500 0.042002
884 0.701937 0.042497
885 0.701500 0.041825
886 0.701437 0.041748
887 0.702062 0.041609
888 0.701625 0.041904
889 0.701688 0.041560
890 0.702500 0.040601
891 0.703000 0.040034
892 0.702750 0.039561
893 0.703250 0.039355
894 0.703562 0.039184
895 0.703063 0.039016
896 0.703250 0.038946
897 0.703312 0.038785
898 0.702750 0.039174
899 0.702375 0.039586
900 0.701562 0.039621
901 0.701687 0.039507
902 0.701437 0.038899
903 0.701313 0.039034
904 0.701625 0.039247
905 0.701688 0.039279
906 0.701500 0.038650
907 0.701063 0.038891
908 0.700625 0.039484
909 0.701000 0.039841
910 0.701250 0.039647
911 0.700562 0.039854
912 0.701250 0.039794
913 0.700875 0.039558
914 0.700812 0.039257
915 0.700875 0.039281
916 0.701000 0.039743
917 0.701125 0.039877
918 0.700687 0.039784
919 0.700375 0.039704
920 0.700813 0.039899
921 0.699937 0.039375
922 0.699375 0.039848
923 0.699312 0.039636
924 0.699000 0.040192
925 0.699250 0.040227
926 0.699250 0.039807
927 0.699125 0.039765
928 0.699187 0.040240
929 0.698750 0.039834
930 0.699188 0.040337
931 0.699500 0.040482
932 0.699750 0.040696
933 0.699687 0.040614
934 0.699875 0.040917
935 0.699625 0.041757
936 0.699500 0.042304
937 0.700000 0.042159
938 0.700500 0.042322
939 0.700813 0.042579
940 0.700625 0.042394
941 0.701250 0.043093
942 0.701000 0.042973
943 0.701687 0.043065
944 0.701875 0.042834
945 0.702500 0.043211
946 0.702813 0.043413
947 0.702875 0.043638
948 0.702812 0.043851
949 0.703438 0.044259
950 0.703250 0.043692
951 0.703625 0.043653
952 0.703188 0.044252
953 0.703625 0.044958
954 0.703875 0.045310
955 0.704750 0.045399
956 0.705062 0.045335
957 0.705062 0.044692
958 0.705250 0.044077
959 0.705375 0.044608
960 0.705625 0.044551
961 0.705187 0.045122
962 0.705312 0.045590
963 0.705312 0.045478
964 0.704563 0.046274
965 0.704125 0.046521
966 0.704187 0.046963
967 0.703625 0.046806
968 0.702875 0.046431
969 0.702812 0.046312
970 0.702687 0.046311
971 0.702063 0.045355
972 0.701438 0.045807
973 0.702063 0.046157
974 0.702500 0.046444
975 0.702250 0.046950
976 0.702063 0.047013
977 0.701813 0.046413
978 0.701812 0.046261
979 0.701750 0.045217
980 0.702313 0.045118
981 0.702063 0.045561
982 0.701813 0.045228
983 0.701938 0.045567
984 0.701875 0.046280
985 0.701375 0.046734
986 0.701000 0.046349
987 0.701062 0.046520
988 0.700563 0.046520
989 0.700187 0.046042
990 0.700063 0.046448
991 0.699500 0.045840
992 0.699313 0.046317
993 0.699250 0.045219
994 0.699500 0.044377
995 0.700063 0.043942
996 0.700313 0.044197
997 0.700625 0.044128
998 0.700750 0.044135
999 0.700125 0.044529
1000 0.700063 0.044900
1001 0.700000 0.044608
1002 0.699375 0.043986
1003 0.699187 0.044447
1004 0.698250 0.044582
1005 0.698875 0.044251
1006 0.698562 0.043847
1007 0.698687 0.043556
1008 0.698750 0.043928
1009 0.699125 0.043428
1010 0.699125 0.043265
1011 0.698750 0.043021
1012 0.699375 0.042934
1013 0.699688 0.043051
1014 0.699625 0.043173
1015 0.699437 0.043536
1016 0.699437 0.043876
1017 0.698937 0.043598
1018 0.699187 0.042451
1019 0.698562 0.042590
1020 0.699000 0.041952
1021 0.699875 0.041973
1022 0.699938 0.041950
1023 0.700438 0.041882
1024 0.700563 0.041936
1025 0.700563 0.041260
1026 0.700750 0.041338
1027 0.700063 0.041141
1028 0.699813 0.041358
1029 0.699938 0.041207
1030 0.700000 0.041155
1031 0.700000 0.041964
1032 0.699750 0.042186
1033 0.700125 0.042066
1034 0.699937 0.042468
1035 0.700187 0.042660
1036 0.699937 0.042825
1037 0.699937 0.043405
1038 0.700250 0.042774
1039 0.700875 0.042629
1040 0.701625 0.042340
1041 0.701812 0.042869
1042 0.701625 0.041913
1043 0.701625 0.041417
1044 0.701750 0.041118
1045 0.702563 0.041440
1046 0.702750 0.041668
1047 0.702813 0.042384
1048 0.702250 0.041996
1049 0.701875 0.041922
1050 0.702062 0.042592
1051 0.702750 0.042236
1052 0.703125 0.042209
1053 0.702875 0.043097
1054 0.703062 0.042578
1055 0.703375 0.042660
1056 0.703375 0.042495
1057 0.703250 0.041996
1058 0.703187 0.042514
1059 0.703188 0.042825
1060 0.703937 0.042717
1061 0.703437 0.042134
1062 0.703000 0.042697
1063 0.703375 0.043341
1064 0.703187 0.043701
1065 0.702375 0.044342
1066 0.701875 0.044822
1067 0.702250 0.044961
1068 0.701938 0.045101
1069 0.702563 0.045416
1070 0.702687 0.044759
1071 0.702688 0.044575
1072 0.702813 0.044707
1073 0.703000 0.044551
1074 0.703188 0.044066
1075 0.703375 0.043664
1076 0.703188 0.044128
1077 0.703375 0.044445
1078 0.703000 0.044708
1079 0.703062 0.044743
1080 0.702812 0.044576
1081 0.702062 0.044861
1082 0.701687 0.044264
1083 0.701500 0.044992
1084 0.702375 0.044868
1085 0.702250 0.044900
1086 0.701562 0.045099
1087 0.702187 0.045116
1088 0.701750 0.045621
1089 0.701812 0.045193
1090 0.701375 0.044988
1091 0.701062 0.045217
1092 0.700875 0.045612
1093 0.700250 0.046292
1094 0.700375 0.046727
1095 0.699562 0.047014
1096 0.699437 0.047303
1097 0.699125 0.047294
1098 0.698813 0.047374
1099 0.698250 0.047394
1100 0.697563 0.047499
1101 0.697250 0.047618
1102 0.697563 0.047400
1103 0.697562 0.047737
1104 0.698000 0.047581
1105 0.697937 0.047656
1106 0.698375 0.047727
1107 0.698125 0.047430
1108 0.698875 0.047156
1109 0.699250 0.046547
1110 0.699000 0.046492
1111 0.699000 0.046777
1112 0.699500 0.046793
1113 0.699500 0.046550
1114 0.700062 0.046364
1115 0.700250 0.046283
1116 0.701000 0.046651
1117 0.700625 0.046892
1118 0.700250 0.046401
1119 0.700750 0.046681
1120 0.701125 0.046816
1121 0.700875 0.046988
1122 0.700625 0.047058
1123 0.700188 0.046691
1124 0.699562 0.046286
1125 0.699250 0.046049
1126 0.699375 0.045830
1127 0.698812 0.045942
1128 0.699000 0.045900
1129 0.698687 0.045486
1130 0.698875 0.046186
1131 0.698313 0.046585
1132 0.698250 0.046938
1133 0.698688 0.046848
1134 0.698937 0.047344
1135 0.698562 0.047210
1136 0.698187 0.046690
1137 0.698125 0.047141
1138 0.698375 0.046600
1139 0.698937 0.046637
1140 0.699063 0.045914
1141 0.698312 0.045995
1142 0.698125 0.045958
1143 0.697375 0.045382
1144 0.697375 0.045253
1145 0.697812 0.044838
1146 0.697812 0.044995
1147 0.697875 0.044811
1148 0.696937 0.044428
1149 0.697500 0.043893
1150 0.697625 0.044015
1151 0.698187 0.044382
1152 0.698313 0.044104
1153 0.698250 0.043911
1154 0.698813 0.044394
1155 0.699000 0.044561
1156 0.699063 0.044977
1157 0.699687 0.045133
1158 0.700562 0.044670
1159 0.700375 0.044920
1160 0.699937 0.044621
1161 0.700313 0.044347
1162 0.700438 0.043430
1163 0.700438 0.043249
1164 0.700375 0.043560
1165 0.700438 0.043168
1166 0.700250 0.043273
1167 0.700750 0.042558
1168 0.700625 0.042798
1169 0.700625 0.042661
1170 0.700437 0.043132
1171 0.700812 0.042118
1172 0.701250 0.042251
1173 0.701187 0.041558
1174 0.701000 0.041540
1175 0.701313 0.041985
1176 0.702000 0.042148
1177 0.701688 0.042655
1178 0.701750 0.043121
1179 0.701375 0.043496
1180 0.701625 0.043271
1181 0.702000 0.043918
1182 0.702000 0.043704
1183 0.701875 0.042998
1184 0.701563 0.043115
1185 0.701375 0.042871
1186 0.701000 0.042891
1187 0.700750 0.042741
1188 0.700250 0.043490
1189 0.700687 0.043615
1190 0.701250 0.042747
1191 0.701813 0.042686
1192 0.701875 0.043116
1193 0.702125 0.043519
1194 0.701625 0.043960
1195 0.701875 0.044410
1196 0.702187 0.043744
1197 0.701812 0.043295
1198 0.702000 0.043668
1199 0.701500 0.044018
1200 0.701813 0.043627
1201 0.701438 0.043811
1202 0.701188 0.044297
1203 0.700875 0.044017
1204 0.701000 0.044121
1205 0.700437 0.043609
1206 0.700563 0.043031
1207 0.700375 0.042296
1208 0.700500 0.042525
1209 0.700000 0.042390
1210 0.700562 0.043257
1211 0.700750 0.044011
1212 0.700750 0.043975
1213 0.701187 0.044403
1214 0.700812 0.044823
1215 0.700687 0.044982
1216 0.700562 0.045191
1217 0.700562 0.045295
1218 0.700500 0.045110
1219 0.700625 0.045350
1220 0.700562 0.045304
1221 0.700562 0.045001
1222 0.700438 0.045743
1223 0.700250 0.045216
1224 0.700375 0.045016
1225 0.700188 0.045195
1226 0.700500 0.045309
1227 0.700937 0.044471
1228 0.700062 0.044542
1229 0.699188 0.044701
1230 0.699188 0.044420
1231 0.699750 0.045095
1232 0.699312 0.044334
1233 0.698938 0.043581
1234 0.698812 0.043299
1235 0.698687 0.043168
1236 0.698625 0.042643
1237 0.698562 0.043010
1238 0.698562 0.043201
1239 0.698000 0.042388
1240 0.697500 0.042866
1241 0.697312 0.043168
1242 0.697125 0.043386
1243 0.697750 0.043288
1244 0.698125 0.041819
1245 0.698562 0.042231
1246 0.698625 0.041810
1247 0.698438 0.041911
1248 0.698063 0.042119
1249 0.698438 0.042097
1250 0.698000 0.042204
1251 0.697500 0.042647
1252 0.697500 0.042802
1253 0.697250 0.042604
1254 0.696188 0.042829
1255 0.695562 0.043177
1256 0.694562 0.043316
1257 0.695250 0.042995
1258 0.695812 0.042930
1259 0.695750 0.042892
1260 0.695750 0.042783
1261 0.695250 0.043248
1262 0.695313 0.043196
1263 0.695375 0.043189
1264 0.695375 0.042698
1265 0.695188 0.042974
1266 0.695500 0.043203
1267 0.695688 0.043145
1268 0.695250 0.042849
1269 0.695125 0.042753
1270 0.695250 0.042967
1271 0.695000 0.042957
1272 0.695125 0.043008
1273 0.694875 0.042888
1274 0.694937 0.041830
1275 0.694437 0.041851
1276 0.694875 0.041902
1277 0.695063 0.041920
1278 0.695438 0.042296
1279 0.695562 0.042291
1280 0.695250 0.042885
1281 0.695063 0.043448
1282 0.695062 0.043430
1283 0.695437 0.043624
1284 0.695562 0.043331
1285 0.695812 0.044265
1286 0.696125 0.044859
1287 0.696563 0.045444
1288 0.696125 0.045180
1289 0.696188 0.045146
1290 0.696125 0.045102
1291 0.696250 0.045544
1292 0.696625 0.045863
1293 0.696750 0.046658
1294 0.696563 0.047057
1295 0.696375 0.046268
1296 0.696063 0.046818
1297 0.695875 0.047230
1298 0.696187 0.047301
1299 0.696313 0.047138
1300 0.695938 0.047347
1301 0.695687 0.047678
1302 0.695312 0.047561
1303 0.694687 0.048302
1304 0.694000 0.049315
1305 0.694937 0.048892
1306 0.695125 0.049289
1307 0.694750 0.049155
1308 0.693938 0.049105
1309 0.693938 0.048850
1310 0.693813 0.048198
1311 0.693375 0.048556
1312 0.693250 0.047686
1313 0.693125 0.048019
1314 0.693188 0.048831
1315 0.693563 0.048826
1316 0.692938 0.048256
1317 0.692813 0.048399
1318 0.692563 0.048135
1319 0.692437 0.048058
1320 0.692562 0.047645
1321 0.692625 0.047823
1322 0.692500 0.047451
1323 0.692125 0.047710
1324 0.692375 0.047930
1325 0.692063 0.048136
1326 0.691750 0.047729
1327 0.691563 0.047544
1328 0.692125 0.047059
1329 0.691500 0.047174
1330 0.691187 0.048073
1331 0.691062 0.047469
1332 0.691563 0.047322
1333 0.691750 0.047351
1334 0.691812 0.047694
1335 0.692125 0.047906
1336 0.692375 0.048239
1337 0.693000 0.048358
1338 0.692187 0.049682
1339 0.692500 0.049284
1340 0.692500 0.049891
1341 0.692812 0.049493
1342 0.692500 0.050016
1343 0.692062 0.049259
1344 0.691562 0.049216
1345 0.691875 0.049185
1346 0.691813 0.049448
1347 0.692187 0.049041
1348 0.692500 0.048525
1349 0.693250 0.049218
1350 0.692813 0.048841
1351 0.692625 0.048528
1352 0.692000 0.048967
1353 0.692063 0.048387
1354 0.691437 0.047423
1355 0.690562 0.047265
1356 0.690750 0.048125
1357 0.690187 0.047822
1358 0.690688 0.048036
1359 0.690375 0.047864
1360 0.690313 0.047855
1361 0.690563 0.047807
1362 0.690812 0.047881
1363 0.691188 0.048421
1364 0.691188 0.048284
1365 0.691813 0.048256
1366 0.692937 0.047489
1367 0.693063 0.047400
1368 0.692813 0.047552
1369 0.692375 0.047579
1370 0.692750 0.047768
1371 0.692938 0.048053
1372 0.692125 0.047768
1373 0.692000 0.047706
1374 0.691125 0.047649
1375 0.691688 0.047706
1376 0.691937 0.048374
1377 0.691813 0.049083
1378 0.691688 0.049284
1379 0.691688 0.049403
1380 0.691562 0.048528
1381 0.691500 0.048545
1382 0.691875 0.048706
1383 0.692125 0.048401
1384 0.691812 0.048353
1385 0.692312 0.048925
1386 0.691687 0.049364
1387 0.691688 0.049403
1388 0.691750 0.048347
1389 0.691563 0.048568
1390 0.691813 0.048240
1391 0.691500 0.047158
1392 0.691500 0.047709
1393 0.691000 0.047667
1394 0.691250 0.047885
1395 0.691500 0.047414
1396 0.691750 0.047647
1397 0.691625 0.047254
1398 0.690812 0.047454
1399 0.691188 0.046855
1400 0.691688 0.046503
1401 0.692063 0.046451
1402 0.691625 0.045468
1403 0.692063 0.045241
1404 0.692000 0.045621
1405 0.692375 0.045178
1406 0.692750 0.044841
1407 0.692687 0.045009
1408 0.692562 0.045472
1409 0.692375 0.045634
1410 0.691937 0.045666
1411 0.691687 0.045826
1412 0.691312 0.046181
1413 0.691000 0.045357
1414 0.690625 0.044568
1415 0.690187 0.044846
1416 0.690188 0.044152
1417 0.690062 0.044142
1418 0.690125 0.044028
1419 0.690250 0.043735
1420 0.690500 0.043799
1421 0.690063 0.043121
1422 0.690500 0.042743
1423 0.690938 0.042485
1424 0.691562 0.042457
1425 0.691562 0.042448
1426 0.691187 0.042326
1427 0.691187 0.042482
1428 0.691500 0.041903
1429 0.691562 0.042227
1430 0.691125 0.041816
1431 0.692125 0.042044
1432 0.692063 0.042231
1433 0.692000 0.042169
1434 0.691562 0.042134
1435 0.691187 0.041983
1436 0.691625 0.041573
1437 0.691562 0.041348
1438 0.691625 0.041024
1439 0.691750 0.041192
1440 0.692125 0.041227
1441 0.692188 0.041762
1442 0.692000 0.041684
1443 0.691937 0.042069
1444 0.691688 0.041992
1445 0.691000 0.041489
1446 0.690500 0.041996
1447 0.689813 0.041530
1448 0.689813 0.041820
1449 0.689688 0.042116
1450 0.690313 0.042365
1451 0.690187 0.042373
1452 0.690187 0.042850
1453 0.690250 0.042878
1454 0.690000 0.043750
1455 0.690062 0.043410
1456 0.690063 0.043167
1457 0.689438 0.044227
1458 0.689687 0.044960
1459 0.690250 0.045349
1460 0.690375 0.045168
1461 0.689688 0.045081
1462 0.690500 0.045117
1463 0.690375 0.045795
1464 0.690500 0.046042
1465 0.690438 0.046229
1466 0.690688 0.046524
1467 0.691250 0.046225
1468 0.691875 0.045847
1469 0.692125 0.045609
1470 0.691250 0.045681
1471 0.691375 0.046104
1472 0.691375 0.045499
1473 0.691250 0.045851
1474 0.691125 0.045802
1475 0.691188 0.046082
1476 0.690688 0.046153
1477 0.690563 0.046557
1478 0.690438 0.046800
1479 0.690312 0.046816
1480 0.690312 0.046941
1481 0.690250 0.047511
1482 0.690375 0.046924
1483 0.689812 0.047382
1484 0.690187 0.047172
1485 0.690687 0.047635
1486 0.690937 0.047733
1487 0.691375 0.046844
1488 0.692062 0.046778
1489 0.691750 0.047343
1490 0.691563 0.047256
1491 0.691188 0.047534
1492 0.690875 0.047888
1493 0.690687 0.048125
1494 0.690937 0.048075
1495 0.690125 0.047862
1496 0.689625 0.048041
1497 0.690438 0.047619
1498 0.690438 0.047413
1499 0.690750 0.048368
1500 0.691000 0.048399
1501 0.690312 0.047765
1502 0.690000 0.047508
1503 0.690125 0.047477
1504 0.691187 0.047747
1505 0.691063 0.047403
1506 0.691000 0.047494
1507 0.690750 0.047603
1508 0.690250 0.046732
1509 0.690438 0.045855
1510 0.690063 0.045699
1511 0.690062 0.045544
1512 0.690125 0.044984
1513 0.690500 0.044769
1514 0.690375 0.045556
1515 0.690500 0.045872
1516 0.690250 0.045692
1517 0.689875 0.045610
1518 0.690375 0.046186
1519 0.690437 0.045676
1520 0.689500 0.046384
1521 0.689875 0.046761
1522 0.689938 0.046753
1523 0.689875 0.046861
1524 0.689375 0.047758
1525 0.689250 0.047714
1526 0.689000 0.047550
1527 0.689500 0.047053
1528 0.689750 0.047174
1529 0.689125 0.046365
1530 0.688875 0.045737
1531 0.689000 0.045587
1532 0.689313 0.045124
1533 0.689063 0.044951
1534 0.689375 0.045599
1535 0.689437 0.045343
1536 0.690062 0.045673
1537 0.689750 0.045445
1538 0.689312 0.045063
1539 0.688812 0.044846
1540 0.688250 0.044505
1541 0.687625 0.044686
1542 0.687625 0.044843
1543 0.687750 0.045043
1544 0.687438 0.044401
1545 0.687312 0.044012
1546 0.687313 0.043097
1547 0.687313 0.043665
1548 0.687063 0.043331
1549 0.687313 0.043143
1550 0.687375 0.042177
1551 0.687438 0.042145
1552 0.687563 0.042459
1553 0.687625 0.042177
1554 0.687563 0.042440
1555 0.686375 0.042365
1556 0.686688 0.042634
1557 0.686500 0.042571
1558 0.687250 0.042453
1559 0.686875 0.041613
1560 0.687062 0.041667
1561 0.687250 0.041466
1562 0.687500 0.041231
1563 0.687187 0.041376
1564 0.687250 0.041870
1565 0.687062 0.041873
1566 0.687438 0.042366
1567 0.687937 0.042327
1568 0.688500 0.042128
1569 0.688375 0.042261
1570 0.688000 0.042469
1571 0.687813 0.042733
1572 0.688062 0.042712
1573 0.688187 0.042993
1574 0.688188 0.043390
1575 0.688000 0.043407
1576 0.688125 0.042880
1577 0.688187 0.043570
1578 0.688250 0.043204
1579 0.688000 0.043163
1580 0.688375 0.043786
1581 0.688125 0.043279
1582 0.688000 0.043380
1583 0.688000 0.042936
1584 0.688125 0.042385
1585 0.688312 0.042340
1586 0.687688 0.042989
1587 0.688188 0.042792
1588 0.688563 0.042178
1589 0.688187 0.042269
1590 0.688688 0.042007
1591 0.689000 0.041955
1592 0.689250 0.042611
1593 0.690125 0.042364
1594 0.689937 0.042425
1595 0.689750 0.042052
1596 0.690000 0.041022
1597 0.689875 0.040829
1598 0.690187 0.040285
1599 0.690625 0.040083
1600 0.691500 0.039731
1601 0.691000 0.039709
1602 0.691062 0.039777
1603 0.691437 0.040221
1604 0.691688 0.040524
1605 0.692312 0.040897
1606 0.692437 0.041120
1607 0.692438 0.040930
1608 0.693125 0.041594
1609 0.693312 0.041891
1610 0.692750 0.042221
1611 0.693125 0.042283
1612 0.693312 0.042031
1613 0.693312 0.042077
1614 0.693562 0.042116
1615 0.693125 0.042495
1616 0.693250 0.042257
1617 0.692875 0.041880
1618 0.693000 0.041873
1619 0.693250 0.042165
1620 0.693437 0.042125
1621 0.693063 0.042018
1622 0.692438 0.042896
1623 0.692000 0.042839
1624 0.691875 0.042670
1625 0.692312 0.043038
1626 0.692375 0.043791
1627 0.692188 0.043556
1628 0.692500 0.043946
1629 0.692563 0.043280
1630 0.692438 0.042996
1631 0.692125 0.042643
1632 0.692500 0.042233
1633 0.692437 0.042171
1634 0.692625 0.042069
1635 0.692937 0.041904
1636 0.693375 0.041915
1637 0.693312 0.042170
1638 0.693375 0.041962
1639 0.693937 0.041547
1640 0.694000 0.041429
1641 0.693125 0.041875
1642 0.692812 0.042227
1643 0.693188 0.042178
1644 0.693813 0.041875
1645 0.694125 0.041869
1646 0.693875 0.041269
1647 0.694375 0.041330
1648 0.694875 0.041329
1649 0.694250 0.041342
1650 0.694063 0.041527
1651 0.694000 0.042074
1652 0.693875 0.042656
1653 0.694125 0.042277
1654 0.694188 0.042548
1655 0.693688 0.042715
1656 0.694438 0.042938
1657 0.694875 0.042476
1658 0.694875 0.042979
1659 0.695812 0.043383
1660 0.695187 0.043874
1661 0.694750 0.043118
1662 0.694688 0.042888
1663 0.694563 0.042808
1664 0.694250 0.042981
1665 0.694875 0.042787
1666 0.695187 0.043255
1667 0.695438 0.042783
1668 0.695313 0.042319
1669 0.695625 0.042440
1670 0.695188 0.042645
1671 0.694750 0.042156
1672 0.694875 0.041291
1673 0.694938 0.041709
1674 0.695000 0.041889
1675 0.694625 0.041796
1676 0.695250 0.041694
1677 0.695812 0.042103
1678 0.695750 0.041192
1679 0.696063 0.040703
1680 0.696500 0.041319
1681 0.696625 0.040739
1682 0.696687 0.040451
1683 0.697250 0.041082
1684 0.697000 0.041255
1685 0.696375 0.040699
1686 0.696437 0.040853
1687 0.696500 0.040978
1688 0.696250 0.040302
1689 0.696500 0.040334
1690 0.697437 0.040264
1691 0.697063 0.040199
1692 0.697063 0.039632
1693 0.697437 0.040390
1694 0.698000 0.040801
1695 0.698250 0.040447
1696 0.698313 0.040542
1697 0.697938 0.041392
1698 0.697875 0.041751
1699 0.697437 0.042196
1700 0.697250 0.042411
1701 0.696875 0.042825
1702 0.697313 0.042905
1703 0.697187 0.042860
1704 0.696375 0.042648
1705 0.696313 0.042243
1706 0.696500 0.042217
1707 0.697000 0.042376
1708 0.696750 0.042265
1709 0.696500 0.042374
1710 0.696875 0.042761
1711 0.696813 0.042925
1712 0.696313 0.042639
1713 0.696438 0.043077
1714 0.696688 0.043314
1715 0.696500 0.042586
1716 0.696063 0.042625
1717 0.695813 0.042958
1718 0.695688 0.043190
1719 0.695625 0.043333
1720 0.695125 0.043279
1721 0.694625 0.043166
1722 0.695063 0.043069
1723 0.695000 0.043211
1724 0.695250 0.043644
1725 0.695062 0.043123
1726 0.694875 0.043106
1727 0.695062 0.043439
1728 0.695625 0.043585
1729 0.695750 0.042746
1730 0.695187 0.041485
1731 0.694813 0.041449
1732 0.695313 0.041254
1733 0.695562 0.041063
1734 0.696312 0.041478
1735 0.696187 0.041523
1736 0.696062 0.041511
1737 0.696750 0.042089
1738 0.696437 0.042179
1739 0.696750 0.041940
1740 0.696875 0.041922
1741 0.697187 0.041339
1742 0.696875 0.041697
1743 0.697125 0.041893
1744 0.696750 0.041678
1745 0.696688 0.041856
1746 0.696938 0.042798
1747 0.696937 0.042715
1748 0.696812 0.042486
1749 0.697500 0.042168
1750 0.697562 0.042425
1751 0.697125 0.042824
1752 0.697688 0.042726
1753 0.697250 0.042595
1754 0.697875 0.042676
1755 0.697500 0.042149
1756 0.696750 0.041472
1757 0.696812 0.041660
1758 0.696812 0.041321
1759 0.697063 0.040596
1760 0.696813 0.040683
1761 0.696750 0.040826
1762 0.697062 0.040576
1763 0.697375 0.041052
1764 0.697750 0.041065
1765 0.697125 0.040615
1766 0.696437 0.039885
1767 0.696437 0.040022
1768 0.696063 0.040626
1769 0.696125 0.040319
1770 0.696500 0.040042
1771 0.696500 0.039680
1772 0.696000 0.039256
1773 0.696500 0.038844
1774 0.696250 0.037945
1775 0.695937 0.038521
1776 0.696000 0.038816
1777 0.695875 0.039173
1778 0.694688 0.039344
1779 0.694875 0.039115
1780 0.695063 0.039274
1781 0.695438 0.039724
1782 0.695187 0.040077
1783 0.695125 0.039247
1784 0.695312 0.039503
1785 0.695750 0.040271
1786 0.695750 0.040174
1787 0.695875 0.040255
1788 0.695563 0.040149
1789 0.695688 0.039456
1790 0.695625 0.039583
1791 0.696188 0.040155
1792 0.697000 0.040471
1793 0.696688 0.040634
1794 0.697375 0.041412
1795 0.697563 0.040725
1796 0.697562 0.041542
1797 0.697688 0.041464
1798 0.697437 0.041871
1799 0.697562 0.042444
1800 0.698125 0.042117
1801 0.698750 0.042738
1802 0.698875 0.042421
1803 0.698625 0.041726
1804 0.698313 0.042129
1805 0.698375 0.041614
1806 0.698938 0.041759
1807 0.698938 0.041917
1808 0.699313 0.041776
1809 0.699750 0.042674
1810 0.699688 0.043395
1811 0.699125 0.043544
1812 0.698625 0.042780
1813 0.699000 0.042461
1814 0.699375 0.042871
1815 0.700125 0.043030
1816 0.699688 0.042384
1817 0.699688 0.042411
1818 0.699438 0.042390
1819 0.699875 0.042491
1820 0.699625 0.042691
1821 0.699688 0.042696
1822 0.699750 0.042213
1823 0.699687 0.042842
1824 0.699062 0.042549
1825 0.698750 0.042802
1826 0.697875 0.042438
1827 0.697562 0.042801
1828 0.697000 0.042788
1829 0.697187 0.042742
1830 0.697500 0.042223
1831 0.697937 0.042857
1832 0.698500 0.043419
1833 0.698187 0.043538
1834 0.698250 0.043212
1835 0.698375 0.042744
1836 0.697750 0.043629
1837 0.697187 0.043205
1838 0.697625 0.042973
1839 0.697937 0.043085
1840 0.697000 0.042670
1841 0.697125 0.041967
1842 0.697000 0.041245
1843 0.697063 0.041519
1844 0.697688 0.041596
1845 0.697062 0.041903
1846 0.697187 0.041159
1847 0.697375 0.041147
1848 0.697437 0.041213
1849 0.696812 0.041632
1850 0.695812 0.041364
1851 0.695875 0.041507
1852 0.695500 0.041468
1853 0.695938 0.041329
1854 0.696313 0.041251
1855 0.697313 0.041564
1856 0.697562 0.041776
1857 0.697750 0.041987
1858 0.697875 0.041844
1859 0.697687 0.041755
1860 0.697625 0.041550
1861 0.697875 0.041788
1862 0.697562 0.042130
1863 0.697437 0.041731
1864 0.697625 0.042745
1865 0.697437 0.042721
1866 0.697688 0.042808
1867 0.697625 0.042837
1868 0.697813 0.042760
1869 0.698000 0.042965
1870 0.698750 0.043238
1871 0.699000 0.043533
1872 0.698687 0.043087
1873 0.698000 0.043300
1874 0.697875 0.043249
1875 0.697938 0.043724
1876 0.697187 0.044171
1877 0.697563 0.043998
1878 0.697125 0.043115
1879 0.697375 0.043429
1880 0.697750 0.044039
1881 0.697687 0.043631
1882 0.697625 0.044263
1883 0.696812 0.044225
1884 0.697125 0.043350
1885 0.696937 0.043772
1886 0.696687 0.043817
1887 0.695687 0.043461
1888 0.695813 0.043670
1889 0.696688 0.044065
1890 0.696500 0.043949
1891 0.696375 0.043894
1892 0.696188 0.042947
1893 0.696187 0.042315
1894 0.696000 0.041959
1895 0.695937 0.041621
1896 0.695750 0.041654
1897 0.695500 0.041890
1898 0.696062 0.040990
1899 0.696250 0.041354
1900 0.696687 0.040653
1901 0.696688 0.041273
1902 0.696563 0.041054
1903 0.697313 0.040642
1904 0.697250 0.040324
1905 0.697063 0.040043
1906 0.697313 0.039993
1907 0.698000 0.040106
1908 0.697250 0.040198
1909 0.697938 0.040234
1910 0.698063 0.040656
1911 0.698000 0.040484
1912 0.698500 0.040564
1913 0.698250 0.041051
1914 0.698500 0.041675
1915 0.698250 0.042178
1916 0.698438 0.042467
1917 0.698312 0.041869
1918 0.698687 0.041667
1919 0.699187 0.041558
1920 0.699187 0.041218
1921 0.699500 0.041067
1922 0.699938 0.040654
1923 0.700438 0.041044
1924 0.700188 0.041112
1925 0.700250 0.041078
1926 0.700063 0.040884
1927 0.699750 0.040821
1928 0.699625 0.040868
1929 0.699875 0.041136
1930 0.700125 0.041221
1931 0.700188 0.040836
1932 0.699812 0.040325
1933 0.699750 0.040667
1934 0.698562 0.040686
1935 0.699438 0.040823
1936 0.699375 0.040258
1937 0.699563 0.040642
1938 0.699688 0.040825
1939 0.699625 0.041286
1940 0.699937 0.041425
1941 0.699812 0.041443
1942 0.699562 0.041695
1943 0.699250 0.041723
1944 0.699250 0.042217
1945 0.699000 0.042212
1946 0.699063 0.042328
1947 0.699438 0.042482
1948 0.699563 0.042466
1949 0.699375 0.041744
1950 0.699813 0.042061
1951 0.700125 0.042140
1952 0.700500 0.042193
1953 0.700812 0.042561
1954 0.700250 0.042683
1955 0.700438 0.041947
1956 0.699938 0.042394
1957 0.700500 0.042423
1958 0.700500 0.043280
1959 0.700437 0.044241
1960 0.701250 0.044800
1961 0.701000 0.044675
1962 0.701125 0.044400
1963 0.701813 0.044872
1964 0.701312 0.045245
1965 0.700625 0.045445
1966 0.700937 0.046321
1967 0.701375 0.045984
1968 0.701062 0.045527
1969 0.700750 0.045726
1970 0.700750 0.045768
1971 0.701250 0.045868
1972 0.701187 0.045618
1973 0.701250 0.044625
1974 0.700750 0.044205
1975 0.700625 0.044004
1976 0.700063 0.043915
1977 0.699813 0.043575
1978 0.699625 0.043998
1979 0.700375 0.044015
1980 0.699625 0.043802
1981 0.699437 0.043947
1982 0.699875 0.044817
1983 0.699813 0.045522
1984 0.699687 0.045512
1985 0.699562 0.045417
1986 0.699687 0.045769
1987 0.699625 0.045960
1988 0.699750 0.046728
1989 0.699625 0.047061
1990 0.699937 0.047356
1991 0.700812 0.046860
1992 0.700687 0.047392
1993 0.700562 0.046955
1994 0.701062 0.046310
1995 0.700937 0.046371
1996 0.700937 0.046531
1997 0.701250 0.046553
1998 0.701437 0.046291
1999 0.701750 0.046192
2000 0.702062 0.045903
2001 0.701375 0.046043
2002 0.701500 0.045330
2003 0.701125 0.045650
2004 0.700812 0.045075
2005 0.700687 0.044738
2006 0.700438 0.044802
2007 0.700500 0.044675
2008 0.700062 0.045186
2009 0.699875 0.045363
2010 0.699375 0.045316
2011 0.698688 0.045081
2012 0.698375 0.044866
2013 0.698313 0.044790
2014 0.698313 0.044466
2015 0.699000 0.044518
2016 0.699562 0.045158
2017 0.698812 0.045084
2018 0.698687 0.044881
2019 0.698187 0.045279
2020 0.698438 0.045512
2021 0.697500 0.046208
2022 0.697375 0.046487
2023 0.696938 0.045847
2024 0.697188 0.045220
2025 0.697313 0.045193
2026 0.697313 0.045836
2027 0.697562 0.045791
2028 0.697812 0.046321
2029 0.697250 0.046050
2030 0.697625 0.045977
2031 0.698187 0.047139
2032 0.698563 0.047663
2033 0.698000 0.048055
2034 0.697625 0.048062
2035 0.697437 0.049348
2036 0.697750 0.049965
2037 0.698437 0.049752
2038 0.698312 0.049842
2039 0.698437 0.048857
2040 0.698375 0.049321
2041 0.698187 0.049445
2042 0.698875 0.049453
2043 0.698437 0.049429
2044 0.698688 0.049807
2045 0.698500 0.049977
2046 0.698562 0.049670
2047 0.698187 0.049516
2048 0.697813 0.049987
2049 0.697937 0.050024
2050 0.697937 0.050273
2051 0.697937 0.051037
2052 0.697062 0.050879
2053 0.697000 0.049910
2054 0.697500 0.049474
2055 0.697500 0.049497
2056 0.697375 0.049523
2057 0.697812 0.048777
2058 0.698063 0.048683
2059 0.698375 0.049210
2060 0.698375 0.049281
2061 0.698313 0.048805
2062 0.698937 0.048453
2063 0.698500 0.048687
2064 0.698313 0.048813
2065 0.698563 0.048637
2066 0.698750 0.048525
2067 0.699188 0.047931
2068 0.699125 0.047754
2069 0.698750 0.047999
2070 0.698875 0.048075
2071 0.699188 0.048224
2072 0.699125 0.048154
2073 0.699563 0.048147
2074 0.698500 0.048324
2075 0.699500 0.048224
2076 0.699063 0.048841
2077 0.699000 0.049027
2078 0.699312 0.049339
2079 0.699875 0.049410
2080 0.700312 0.049239
2081 0.700125 0.048758
2082 0.700063 0.048802
2083 0.700063 0.048826
2084 0.699938 0.048746
2085 0.700125 0.048862
2086 0.699813 0.048625
2087 0.699563 0.048696
2088 0.700062 0.048068
2089 0.699750 0.047925
2090 0.700188 0.047962
2091 0.700625 0.047734
2092 0.700313 0.047610
2093 0.699688 0.047888
2094 0.700000 0.048396
2095 0.700062 0.048432
2096 0.700437 0.048115
2097 0.700313 0.047429
2098 0.700437 0.047131
2099 0.700250 0.046686
2100 0.699625 0.047614
2101 0.699500 0.047923
2102 0.699188 0.048450
2103 0.699187 0.048538
2104 0.699250 0.049199
2105 0.699625 0.048572
2106 0.699875 0.048854
2107 0.699437 0.048510
2108 0.699062 0.049120
2109 0.698625 0.049328
2110 0.698312 0.049140
2111 0.698500 0.048863
2112 0.697625 0.049361
2113 0.697187 0.049057
2114 0.696688 0.048343
2115 0.696750 0.049026
2116 0.696937 0.048714
2117 0.697500 0.048064
2118 0.697437 0.047788
2119 0.697313 0.047928
2120 0.697437 0.047804
2121 0.697688 0.048288
2122 0.697875 0.047732
2123 0.698438 0.047602
2124 0.698187 0.048358
2125 0.698063 0.048699
2126 0.698063 0.047850
2127 0.698313 0.047375
2128 0.698625 0.047340
2129 0.698688 0.046690
2130 0.698687 0.047486
2131 0.698563 0.047185
2132 0.698563 0.047268
2133 0.698688 0.046957
2134 0.698688 0.046143
2135 0.699188 0.046390
2136 0.699313 0.046173
2137 0.699125 0.046335
2138 0.698813 0.046036
2139 0.699188 0.046517
2140 0.698875 0.046194
2141 0.698875 0.046143
2142 0.698125 0.045958
2143 0.697875 0.045657
2144 0.698250 0.046039
2145 0.697937 0.046005
2146 0.698000 0.045986
2147 0.698562 0.045016
2148 0.698812 0.044465
2149 0.698812 0.043925
2150 0.698438 0.043601
2151 0.698000 0.043525
2152 0.698000 0.043444
2153 0.697313 0.043150
2154 0.697625 0.042553
2155 0.697937 0.043139
2156 0.698125 0.042560
2157 0.698313 0.043219
2158 0.698500 0.043094
2159 0.698500 0.043455
2160 0.698562 0.043282
2161 0.699437 0.043778
2162 0.699813 0.043683
2163 0.699375 0.043504
2164 0.698937 0.043030
2165 0.699687 0.043097
2166 0.700437 0.043868
2167 0.700562 0.043893
2168 0.700625 0.043161
2169 0.700438 0.042923
2170 0.700812 0.042999
2171 0.700688 0.043471
2172 0.700813 0.043334
2173 0.700562 0.043383
2174 0.700875 0.043499
2175 0.701250 0.044026
2176 0.701688 0.044184
2177 0.701437 0.044475
2178 0.701937 0.045127
2179 0.701812 0.045374
2180 0.702125 0.044732
2181 0.701937 0.044631
2182 0.702250 0.044935
2183 0.702437 0.045328
2184 0.702438 0.045146
2185 0.702750 0.045478
2186 0.702375 0.045627
2187 0.702812 0.045185
2188 0.703187 0.045659
2189 0.703625 0.045511
2190 0.703187 0.045385
2191 0.702687 0.045451
2192 0.702187 0.045615
2193 0.701688 0.045336
2194 0.701063 0.045243
2195 0.701562 0.044628
2196 0.701437 0.045094
2197 0.701250 0.044678
2198 0.701688 0.044834
2199 0.701688 0.045181
2200 0.701375 0.045463
2201 0.701125 0.044838
2202 0.700500 0.044736
2203 0.700687 0.044299
2204 0.700750 0.044303
2205 0.701187 0.044631
2206 0.700937 0.044751
2207 0.701125 0.044969
2208 0.701250 0.044432
2209 0.701000 0.044085
2210 0.701063 0.044142
2211 0.701313 0.044267
2212 0.701188 0.043863
2213 0.701250 0.043839
2214 0.700563 0.043554
2215 0.700812 0.043640
2216 0.701187 0.043738
2217 0.701063 0.044018
2218 0.701250 0.043157
2219 0.701375 0.044031
2220 0.701187 0.044754
2221 0.702063 0.044274
2222 0.702562 0.045053
2223 0.702938 0.043700
2224 0.702875 0.042915
2225 0.702875 0.042660
2226 0.703063 0.042725
2227 0.703375 0.042733
2228 0.703813 0.042938
2229 0.703563 0.042959
2230 0.703750 0.043157
2231 0.703812 0.043156
2232 0.703875 0.042736
2233 0.703812 0.042425
2234 0.704062 0.042181
2235 0.704000 0.042496
2236 0.704250 0.042829
2237 0.704000 0.043035
2238 0.704187 0.043094
2239 0.704250 0.043074
2240 0.704188 0.043545
2241 0.703812 0.043588
2242 0.703812 0.044370
2243 0.703437 0.044760
2244 0.703812 0.044651
2245 0.703562 0.044645
2246 0.703625 0.044152
2247 0.703625 0.043956
2248 0.703313 0.043870
2249 0.704063 0.043985
2250 0.704063 0.044268
2251 0.703188 0.044638
2252 0.702750 0.044540
2253 0.703313 0.044348
2254 0.703625 0.044258
2255 0.703875 0.043578
2256 0.703938 0.043898
2257 0.704562 0.043363
2258 0.703875 0.042973
2259 0.703750 0.043848
2260 0.704062 0.043386
2261 0.703813 0.042883
2262 0.704250 0.043047
2263 0.704438 0.042659
2264 0.703812 0.042810
2265 0.704063 0.042888
2266 0.704312 0.043136
2267 0.704688 0.043851
2268 0.705188 0.043392
2269 0.704563 0.043802
2270 0.704750 0.043751
2271 0.705125 0.043512
2272 0.705250 0.043658
2273 0.705500 0.044610
2274 0.705875 0.043739
2275 0.705812 0.043123
2276 0.706000 0.043615
2277 0.706500 0.043597
2278 0.707062 0.043253
2279 0.706375 0.043166
2280 0.706437 0.043665
2281 0.706063 0.043503
2282 0.706437 0.042943
2283 0.706250 0.042921
2284 0.706187 0.042861
2285 0.706000 0.042756
2286 0.706625 0.042673
2287 0.706312 0.042376
2288 0.706250 0.042426
2289 0.706062 0.042449
2290 0.706000 0.042701
2291 0.706250 0.042702
2292 0.706063 0.042532
2293 0.706188 0.043052
2294 0.706188 0.042697
2295 0.705750 0.043361
2296 0.706875 0.042725
2297 0.707125 0.042857
2298 0.707187 0.043196
2299 0.707750 0.043004
2300 0.707875 0.042981
2301 0.707313 0.042583
2302 0.707125 0.043103
2303 0.707250 0.043533
2304 0.706813 0.043365
2305 0.706563 0.043341
2306 0.706187 0.043638
2307 0.705375 0.043830
2308 0.705000 0.044106
2309 0.704938 0.044320
2310 0.704813 0.044352
2311 0.704938 0.044108
2312 0.704625 0.044482
2313 0.704500 0.043920
2314 0.704750 0.043419
2315 0.704562 0.043228
2316 0.704937 0.043322
2317 0.704750 0.043140
2318 0.704500 0.043473
2319 0.703500 0.043457
2320 0.703875 0.042982
2321 0.704000 0.042450
2322 0.704500 0.042001
2323 0.704875 0.042606
2324 0.705375 0.042482
2325 0.706063 0.042070
2326 0.705750 0.041708
2327 0.705875 0.041248
2328 0.705875 0.040973
2329 0.706125 0.041325
2330 0.705375 0.040543
2331 0.705125 0.040305
2332 0.705187 0.040166
2333 0.704500 0.039589
2334 0.704625 0.039702
2335 0.704750 0.039933
2336 0.704875 0.039633
2337 0.705000 0.039745
2338 0.705125 0.040672
2339 0.704500 0.040525
2340 0.703750 0.040822
2341 0.703625 0.040823
2342 0.703750 0.040841
2343 0.703875 0.040972
2344 0.703688 0.041270
2345 0.703812 0.041249
2346 0.703438 0.041358
2347 0.703875 0.040877
2348 0.704188 0.040418
2349 0.704562 0.040705
2350 0.704000 0.039613
2351 0.704500 0.040390
2352 0.704625 0.040249
2353 0.704375 0.040615
2354 0.704938 0.041573
2355 0.705188 0.042362
2356 0.704625 0.042616
2357 0.704812 0.042719
2358 0.704250 0.042508
2359 0.704063 0.043106
2360 0.704250 0.042911
2361 0.704312 0.042918
2362 0.703937 0.043072
2363 0.703625 0.043330
2364 0.704062 0.043006
2365 0.704187 0.043166
2366 0.704688 0.043718
2367 0.705250 0.043944
2368 0.704812 0.043399
2369 0.705063 0.043154
2370 0.705000 0.043902
2371 0.705125 0.043736
2372 0.705625 0.043602
2373 0.705125 0.043994
2374 0.704813 0.044140
2375 0.704500 0.043320
2376 0.704938 0.043358
2377 0.705188 0.043661
2378 0.705313 0.043583
2379 0.705125 0.043404
2380 0.705437 0.043307
2381 0.705375 0.043777
2382 0.704937 0.043159
2383 0.705062 0.043289
2384 0.704875 0.043071
2385 0.704750 0.043049
2386 0.705187 0.043148
2387 0.704875 0.043162
2388 0.705188 0.042574
2389 0.705688 0.042159
2390 0.705687 0.041525
2391 0.705187 0.041392
2392 0.705250 0.041483
2393 0.704562 0.041522
2394 0.704125 0.041554
2395 0.704313 0.041417
2396 0.704875 0.041397
2397 0.704438 0.041517
2398 0.704500 0.041032
2399 0.704375 0.040740
2400 0.703875 0.040454
2401 0.703937 0.040191
2402 0.703937 0.040694
2403 0.704250 0.040830
2404 0.703937 0.040016
2405 0.703687 0.039933
2406 0.704312 0.040075
2407 0.705250 0.040007
2408 0.705562 0.039754
2409 0.705625 0.039474
2410 0.705687 0.039460
2411 0.705875 0.038889
2412 0.706375 0.039370
2413 0.705875 0.039507
2414 0.705500 0.039432
2415 0.705125 0.039274
2416 0.705375 0.039499
2417 0.705375 0.039981
2418 0.705563 0.040028
2419 0.705750 0.040434
2420 0.705312 0.040883
2421 0.705500 0.041167
2422 0.705750 0.041029
2423 0.705875 0.041400
2424 0.705563 0.041560
2425 0.705563 0.041925
2426 0.706000 0.042232
2427 0.706125 0.042389
2428 0.705750 0.042202
2429 0.706000 0.042893
2430 0.705375 0.042957
2431 0.705125 0.043097
2432 0.704687 0.043151
2433 0.704250 0.042582
2434 0.703688 0.042922
2435 0.704375 0.041959
2436 0.704312 0.042276
2437 0.704562 0.042055
2438 0.705000 0.041618
2439 0.704562 0.041598
2440 0.704187 0.042029
2441 0.704250 0.042148
2442 0.704313 0.043199
2443 0.704375 0.043683
2444 0.703688 0.043473
2445 0.703188 0.043531
2446 0.703250 0.043034
2447 0.702937 0.042523
2448 0.702312 0.042799
2449 0.701750 0.042785
2450 0.701875 0.043378
2451 0.701625 0.043397
2452 0.701688 0.043128
2453 0.701938 0.043045
2454 0.702125 0.042713
2455 0.701625 0.042844
2456 0.701125 0.042448
2457 0.700937 0.042559
2458 0.702125 0.042575
2459 0.702000 0.043444
2460 0.701562 0.043476
2461 0.701812 0.043877
2462 0.702062 0.043607
2463 0.701875 0.043279
2464 0.701750 0.043221
2465 0.701500 0.043778
2466 0.701438 0.043192
2467 0.701687 0.043722
2468 0.702062 0.043491
2469 0.702312 0.043379
2470 0.702438 0.043927
2471 0.701437 0.044175
2472 0.701625 0.043666
2473 0.701687 0.043891
2474 0.701687 0.043891
2475 0.701562 0.043404
2476 0.701063 0.044071
2477 0.701625 0.044385
2478 0.701438 0.044799
2479 0.701875 0.045082
2480 0.701250 0.044774
2481 0.700438 0.043957
2482 0.700125 0.043102
2483 0.700750 0.043060
2484 0.700875 0.043030
2485 0.700813 0.043008
2486 0.700938 0.043015
2487 0.701187 0.043072
2488 0.701125 0.042833
2489 0.700812 0.042981
2490 0.700562 0.042730
2491 0.700625 0.043116
2492 0.700500 0.043595
2493 0.700313 0.043798
2494 0.700125 0.042966
2495 0.700188 0.042961
2496 0.700500 0.043407
2497 0.700250 0.043409
2498 0.700438 0.043322
2499 0.700625 0.043270
2500 0.701063 0.043518
2501 0.701437 0.043309
2502 0.700750 0.043475
2503 0.700688 0.043507
2504 0.700563 0.043094
2505 0.700063 0.043870
2506 0.699688 0.043637
2507 0.699312 0.044176
2508 0.698688 0.044144
2509 0.698188 0.043788
2510 0.698750 0.043999
2511 0.698125 0.043772
2512 0.698375 0.043595
2513 0.698625 0.043252
2514 0.698875 0.043413
2515 0.698562 0.044281
2516 0.698312 0.043372
2517 0.698562 0.043498
2518 0.698500 0.042812
2519 0.698750 0.042454
2520 0.699063 0.042869
2521 0.699813 0.042614
2522 0.700063 0.043125
2523 0.700125 0.043166
2524 0.700562 0.043185
2525 0.700875 0.043157
2526 0.701312 0.043023
2527 0.701438 0.042764
2528 0.701437 0.042636
2529 0.701562 0.042430
2530 0.702063 0.042647
2531 0.702000 0.042508
2532 0.702500 0.042866
2533 0.702187 0.042669
2534 0.702062 0.043003
2535 0.702313 0.042890
2536 0.702375 0.042837
2537 0.702438 0.043129
2538 0.701937 0.042745
2539 0.702625 0.042364
2540 0.701688 0.041822
2541 0.701437 0.042092
2542 0.701500 0.042985
2543 0.701562 0.042604
2544 0.701750 0.042353
2545 0.701750 0.042830
2546 0.702000 0.042911
2547 0.701312 0.041985
2548 0.702187 0.041958
2549 0.701937 0.041765
2550 0.701937 0.041502
2551 0.702125 0.041713
2552 0.701937 0.041662
2553 0.702187 0.041272
2554 0.702687 0.040843
2555 0.702750 0.040662
2556 0.702812 0.040787
2557 0.702437 0.040907
2558 0.702312 0.040665
2559 0.703375 0.040402
2560 0.703375 0.040816
2561 0.703500 0.041225
2562 0.703437 0.040710
2563 0.703437 0.040835
2564 0.702875 0.040701
2565 0.703500 0.040198
2566 0.702937 0.040826
2567 0.702500 0.040524
2568 0.702250 0.040365
2569 0.702125 0.040738
2570 0.701687 0.040676
2571 0.702063 0.040505
2572 0.702313 0.040971
2573 0.702313 0.040780
2574 0.702312 0.040770
2575 0.703187 0.040365
2576 0.704188 0.040650
2577 0.704250 0.040945
2578 0.704562 0.041286
2579 0.704875 0.041322
2580 0.704063 0.041555
2581 0.704062 0.041244
2582 0.704687 0.041197
2583 0.704250 0.041249
2584 0.704062 0.041452
2585 0.704500 0.041581
2586 0.704188 0.041222
2587 0.703750 0.040860
2588 0.703500 0.041158
2589 0.703000 0.041368
2590 0.702875 0.040835
2591 0.702875 0.040873
2592 0.702313 0.041066
2593 0.701813 0.040594
2594 0.701812 0.040363
2595 0.701375 0.040452
2596 0.701125 0.040305
2597 0.701688 0.040619
2598 0.702625 0.040823
2599 0.703000 0.039966
2600 0.702812 0.040218
2601 0.703500 0.040710
2602 0.703875 0.040810
2603 0.703812 0.040754
2604 0.703875 0.040618
2605 0.703500 0.040479
2606 0.703250 0.040970
2607 0.703125 0.041782
2608 0.702375 0.040934
2609 0.701687 0.040638
2610 0.702000 0.040126
2611 0.701625 0.040597
2612 0.701812 0.040796
2613 0.702312 0.041661
2614 0.701562 0.041967
2615 0.701250 0.042436
2616 0.700875 0.042149
2617 0.700875 0.041824
2618 0.700750 0.041686
2619 0.700688 0.041325
2620 0.700625 0.041046
2621 0.700125 0.040533
2622 0.700875 0.040601
2623 0.701000 0.040972
2624 0.700313 0.041433
2625 0.700313 0.040729
2626 0.700000 0.040302
2627 0.699813 0.040121
2628 0.700125 0.039686
2629 0.700437 0.039836
2630 0.699813 0.040412
2631 0.699688 0.040806
2632 0.699500 0.040809
2633 0.699000 0.040163
2634 0.699063 0.039493
2635 0.698313 0.039979
2636 0.698187 0.039758
2637 0.698062 0.039585
2638 0.698125 0.039563
2639 0.698687 0.039144
2640 0.698313 0.039862
2641 0.697687 0.039752
2642 0.696625 0.039404
2643 0.696250 0.038881
2644 0.695500 0.038539
2645 0.694812 0.039012
2646 0.694437 0.038970
2647 0.694375 0.038996
2648 0.694875 0.039245
2649 0.694375 0.039444
2650 0.694000 0.039369
2651 0.693125 0.039256
2652 0.693312 0.038793
2653 0.693812 0.039444
2654 0.693125 0.039946
2655 0.693125 0.039897
2656 0.693062 0.040174
2657 0.693000 0.040929
2658 0.692813 0.039532
2659 0.692875 0.039291
2660 0.694000 0.038880
2661 0.694063 0.039532
2662 0.693750 0.038921
2663 0.693562 0.038613
2664 0.692937 0.038484
2665 0.693625 0.038497
2666 0.693750 0.038528
2667 0.693625 0.038467
2668 0.693688 0.038217
2669 0.693687 0.038022
2670 0.693688 0.037651
2671 0.693938 0.037775
2672 0.693813 0.037806
2673 0.694000 0.037374
2674 0.694625 0.037323
2675 0.694750 0.037694
2676 0.694500 0.037315
2677 0.694188 0.037575
2678 0.693875 0.037759
2679 0.693813 0.037899
2680 0.694063 0.038471
2681 0.693625 0.038639
2682 0.694000 0.039000
2683 0.694688 0.039314
2684 0.695188 0.038960
2685 0.695187 0.039655
2686 0.694812 0.040010
2687 0.694437 0.040019
2688 0.694562 0.040094
2689 0.694500 0.040246
2690 0.694500 0.040362
2691 0.694375 0.040374
2692 0.694062 0.039394
2693 0.694937 0.039545
2694 0.694062 0.039463
2695 0.693562 0.038845
2696 0.693687 0.039236
2697 0.693937 0.039887
2698 0.694125 0.039487
2699 0.694313 0.039520
2700 0.695063 0.039827
2701 0.694813 0.039212
2702 0.694375 0.038765
2703 0.694750 0.038636
2704 0.694500 0.038398
2705 0.694625 0.038100
2706 0.694625 0.037822
2707 0.694000 0.037883
2708 0.694625 0.037604
2709 0.694500 0.037586
2710 0.694437 0.037954
2711 0.693875 0.038293
2712 0.694500 0.037917
2713 0.694500 0.037669
2714 0.693937 0.037795
2715 0.694937 0.037288
2716 0.694813 0.037822
2717 0.694500 0.038000
2718 0.693563 0.038268
2719 0.693688 0.038329
2720 0.694437 0.038638
2721 0.694563 0.039058
2722 0.693938 0.039136
2723 0.693688 0.038745
2724 0.693875 0.038740
2725 0.693500 0.039010
2726 0.693562 0.038512
2727 0.694187 0.038347
2728 0.694625 0.038619
2729 0.694937 0.039525
2730 0.694875 0.039542
2731 0.694500 0.039895
2732 0.694313 0.040235
2733 0.694563 0.040385
2734 0.694688 0.040518
2735 0.694375 0.042043
2736 0.694187 0.042170
2737 0.693750 0.042857
2738 0.693812 0.043405
2739 0.694250 0.043460
2740 0.694500 0.043842
2741 0.694312 0.043787
2742 0.694375 0.044092
2743 0.695000 0.044651
2744 0.695875 0.044767
2745 0.696125 0.044641
2746 0.696688 0.044198
2747 0.697312 0.044108
2748 0.696625 0.044629
2749 0.696187 0.044563
2750 0.696125 0.045464
2751 0.696062 0.045412
2752 0.696250 0.045535
2753 0.697062 0.044383
2754 0.696937 0.044638
2755 0.697375 0.045149
2756 0.697625 0.045085
2757 0.697250 0.045288
2758 0.697437 0.045381
2759 0.697625 0.044937
2760 0.697375 0.044949
2761 0.697562 0.044537
2762 0.697375 0.044160
2763 0.696687 0.043700
2764 0.696688 0.043350
2765 0.696813 0.043261
2766 0.697375 0.043185
2767 0.697438 0.043076
2768 0.697500 0.043057
2769 0.696437 0.042914
2770 0.696187 0.042756
2771 0.696187 0.042810
2772 0.696312 0.043049
2773 0.695500 0.043031
2774 0.695750 0.043462
2775 0.695812 0.043982
2776 0.695875 0.043752
2777 0.697000 0.043808
2778 0.696750 0.044172
2779 0.697000 0.043915
2780 0.697000 0.044119
2781 0.696500 0.043628
2782 0.696500 0.043931
2783 0.696562 0.043843
2784 0.696188 0.044193
2785 0.696437 0.044470
2786 0.697187 0.044995
2787 0.697250 0.044663
2788 0.696313 0.044503
2789 0.696937 0.044075
2790 0.697625 0.043560
2791 0.698062 0.043461
2792 0.697438 0.043858
2793 0.697187 0.043151
2794 0.697688 0.042662
2795 0.696687 0.042970
2796 0.697062 0.043170
2797 0.697438 0.042912
2798 0.697813 0.043160
2799 0.698250 0.043554
2800 0.698250 0.043194
2801 0.697625 0.043524
2802 0.697313 0.043159
2803 0.696750 0.043584
2804 0.697687 0.043961
2805 0.698125 0.043629
2806 0.698063 0.043226
2807 0.698188 0.043842
2808 0.699125 0.043670
2809 0.699438 0.044027
2810 0.699625 0.043417
2811 0.699375 0.043324
2812 0.699875 0.042839
2813 0.700250 0.042993
2814 0.700125 0.043777
2815 0.701188 0.043631
2816 0.701062 0.042848
2817 0.701187 0.042662
2818 0.701000 0.042580
2819 0.701187 0.043434
2820 0.701687 0.043856
2821 0.701062 0.044071
2822 0.700500 0.044014
2823 0.699938 0.043870
2824 0.699500 0.044174
2825 0.699875 0.044625
2826 0.699188 0.044182
2827 0.698813 0.044165
2828 0.698875 0.044215
2829 0.698937 0.043849
2830 0.699063 0.043967
2831 0.698812 0.042991
2832 0.698812 0.042516
2833 0.698562 0.042111
2834 0.698875 0.042097
2835 0.698688 0.041938
2836 0.699063 0.041584
2837 0.699188 0.040866
2838 0.699563 0.041470
2839 0.699688 0.041649
2840 0.699375 0.041968
2841 0.699375 0.041940
2842 0.698687 0.042282
2843 0.699125 0.042812
2844 0.699312 0.042508
2845 0.698812 0.042091
2846 0.699250 0.042401
2847 0.699500 0.042506
2848 0.699375 0.043737
2849 0.699375 0.044092
2850 0.699500 0.044200
2851 0.700063 0.044865
2852 0.701375 0.044979
2853 0.701063 0.044441
2854 0.700312 0.044497
2855 0.700375 0.044069
2856 0.700563 0.043849
2857 0.700563 0.043679
2858 0.700500 0.042818
2859 0.699688 0.043151
2860 0.700187 0.043341
2861 0.700437 0.042996
2862 0.700812 0.043018
2863 0.701250 0.042592
2864 0.701250 0.042665
2865 0.700813 0.042999
2866 0.700375 0.042718
2867 0.699750 0.042637
2868 0.698875 0.042577
2869 0.698813 0.042451
2870 0.698500 0.042630
2871 0.698062 0.042128
2872 0.697250 0.042217
2873 0.697312 0.041863
2874 0.697812 0.041405
2875 0.697313 0.040090
2876 0.697750 0.040287
2877 0.697688 0.040598
2878 0.697312 0.039708
2879 0.697375 0.040041
2880 0.697625 0.040193
2881 0.698000 0.040368
2882 0.698000 0.040571
2883 0.698750 0.040745
2884 0.699063 0.040873
2885 0.699375 0.040721
2886 0.700125 0.040214
2887 0.699250 0.039699
2888 0.698687 0.039669
2889 0.698750 0.039449
2890 0.698875 0.039433
2891 0.698563 0.039911
2892 0.697875 0.039698
2893 0.698063 0.039545
2894 0.697625 0.039417
2895 0.698000 0.039665
2896 0.697750 0.039799
2897 0.698187 0.039827
2898 0.697875 0.039767
2899 0.697313 0.039817
2900 0.696687 0.039046
2901 0.696375 0.038681
2902 0.696312 0.038518
2903 0.696875 0.038431
2904 0.697063 0.037795
2905 0.696750 0.038063
2906 0.696938 0.037816
2907 0.697688 0.037797
2908 0.698000 0.038098
2909 0.698500 0.038397
2910 0.698812 0.037891
2911 0.699375 0.037992
2912 0.699875 0.037976
2913 0.699313 0.038088
2914 0.699375 0.038583
2915 0.699188 0.038948
2916 0.699063 0.038154
2917 0.699125 0.038089
2918 0.698812 0.038188
2919 0.698875 0.038226
2920 0.699500 0.038453
2921 0.699250 0.038256
2922 0.698688 0.038823
2923 0.698500 0.039579
2924 0.697875 0.039511
2925 0.697375 0.039698
2926 0.696500 0.039620
2927 0.696125 0.039733
2928 0.696375 0.039972
2929 0.697125 0.040043
2930 0.697063 0.039760
2931 0.697313 0.040071
2932 0.697750 0.040461
2933 0.697625 0.040541
2934 0.697438 0.040225
2935 0.697875 0.040776
2936 0.697375 0.041071
2937 0.697563 0.041485
2938 0.696875 0.041131
2939 0.696125 0.041644
2940 0.695375 0.041792
2941 0.695750 0.041523
2942 0.695938 0.041272
2943 0.695563 0.040314
2944 0.695750 0.040878
2945 0.694813 0.041364
2946 0.695000 0.041448
2947 0.695188 0.041277
2948 0.695813 0.040601
2949 0.696625 0.040014
2950 0.696187 0.040077
2951 0.696187 0.039626
2952 0.695688 0.039909
2953 0.696000 0.040025
2954 0.696312 0.039510
2955 0.695437 0.038829
2956 0.695875 0.038621
2957 0.695500 0.038528
2958 0.695187 0.038323
2959 0.695062 0.037979
2960 0.694937 0.037663
2961 0.694813 0.037760
2962 0.694875 0.038175
2963 0.695313 0.037514
2964 0.696000 0.037578
2965 0.697250 0.037587
2966 0.696562 0.037836
2967 0.695875 0.037492
2968 0.695375 0.037433
2969 0.695313 0.037001
2970 0.695937 0.037253
2971 0.695750 0.037478
2972 0.695500 0.037323
2973 0.695625 0.037557
2974 0.694625 0.037739
2975 0.695063 0.037347
2976 0.696000 0.037297
2977 0.695500 0.037667
2978 0.695250 0.037605
2979 0.695000 0.037552
2980 0.695625 0.037191
2981 0.695438 0.037830
2982 0.695125 0.038105
2983 0.695437 0.038546
2984 0.695187 0.038516
2985 0.695125 0.038665
2986 0.694562 0.038948
2987 0.694625 0.038028
2988 0.695313 0.038491
2989 0.695125 0.038432
2990 0.695250 0.038203
2991 0.695375 0.038605
2992 0.695062 0.038984
2993 0.695063 0.039423
2994 0.695000 0.040369
2995 0.695188 0.040028
2996 0.695688 0.040172
2997 0.695375 0.039879
2998 0.694750 0.039417
2999 0.695062 0.039512
3000 0.694625 0.039785
3001 0.694875 0.039798
3002 0.694562 0.040162
3003 0.695187 0.039911
3004 0.695437 0.040057
3005 0.695062 0.040022
3006 0.695187 0.040252
3007 0.695437 0.040387
3008 0.695062 0.040440
3009 0.695000 0.040427
3010 0.695250 0.040756
3011 0.695312 0.040624
3012 0.695000 0.040850
3013 0.694625 0.041298
3014 0.693937 0.040721
3015 0.693688 0.040759
3016 0.694437 0.040801
3017 0.694188 0.041714
3018 0.694063 0.042199
3019 0.694125 0.042333
3020 0.693625 0.041721
3021 0.694250 0.041549
3022 0.694813 0.041373
3023 0.694875 0.040749
3024 0.694813 0.040176
3025 0.694875 0.039778
3026 0.694937 0.039278
3027 0.696000 0.039256
3028 0.695688 0.038666
3029 0.695000 0.038851
3030 0.695625 0.038135
3031 0.695437 0.038272
3032 0.695375 0.037475
3033 0.695875 0.037999
3034 0.695563 0.038460
3035 0.695625 0.039056
3036 0.696125 0.038687
3037 0.696125 0.038353
3038 0.696313 0.038599
3039 0.696000 0.038492
3040 0.696375 0.038296
3041 0.696437 0.038571
3042 0.696875 0.038695
3043 0.696375 0.038822
3044 0.695750 0.039428
3045 0.695687 0.039008
3046 0.695562 0.040411
3047 0.695437 0.040638
3048 0.695125 0.040404
3049 0.695125 0.040741
3050 0.695375 0.040395
3051 0.695125 0.040317
3052 0.694375 0.040151
3053 0.694750 0.040589
3054 0.694937 0.040828
3055 0.695375 0.040559
3056 0.696062 0.040837
3057 0.696250 0.040678
3058 0.696000 0.040769
3059 0.696313 0.040448
3060 0.696625 0.040315
3061 0.697250 0.040091
3062 0.697125 0.040969
3063 0.696500 0.041035
3064 0.696813 0.041131
3065 0.696312 0.041345
3066 0.696438 0.040632
3067 0.696375 0.041166
3068 0.696000 0.041302
3069 0.695187 0.041087
3070 0.695750 0.041088
3071 0.695812 0.041505
3072 0.696375 0.041779
3073 0.696562 0.041976
3074 0.696062 0.042423
3075 0.696375 0.042336
3076 0.696625 0.043025
3077 0.696188 0.042820
3078 0.696125 0.042882
3079 0.695812 0.043419
3080 0.695625 0.043585
3081 0.695688 0.043952
3082 0.694938 0.044094
3083 0.695000 0.043786
3084 0.695000 0.043759
3085 0.695312 0.043673
3086 0.695187 0.043210
3087 0.695188 0.043534
3088 0.695375 0.043253
3089 0.695562 0.042969
3090 0.696125 0.043010
3091 0.696375 0.043167
3092 0.696437 0.043059
3093 0.696562 0.042951
3094 0.696812 0.042788
3095 0.696812 0.043034
3096 0.697437 0.042821
3097 0.697812 0.042933
3098 0.698437 0.043106
3099 0.698750 0.043661
3100 0.698563 0.044158
3101 0.699188 0.044447
3102 0.699063 0.044690
3103 0.699500 0.045023
3104 0.699125 0.044511
3105 0.698687 0.044373
3106 0.699562 0.044408
3107 0.699062 0.043825
3108 0.697750 0.044463
3109 0.696875 0.044366
3110 0.697188 0.044803
3111 0.697188 0.045263
3112 0.697063 0.043852
3113 0.696938 0.044172
3114 0.697000 0.044004
3115 0.696813 0.043522
3116 0.696562 0.043700
3117 0.696375 0.044618
3118 0.696125 0.045266
3119 0.696625 0.045375
3120 0.696000 0.046187
3121 0.696313 0.046073
3122 0.695625 0.046381
3123 0.695437 0.046113
3124 0.695125 0.045771
3125 0.694562 0.046137
3126 0.695062 0.046134
3127 0.695687 0.046668
3128 0.695812 0.047203
3129 0.696063 0.046960
3130 0.695812 0.047492
3131 0.696125 0.048297
3132 0.696187 0.047990
3133 0.695750 0.047309
3134 0.695812 0.047861
3135 0.696062 0.048530
3136 0.695250 0.049388
3137 0.695062 0.049365
3138 0.695250 0.048903
3139 0.695312 0.049406
3140 0.694500 0.049397
3141 0.693562 0.048577
3142 0.693812 0.048027
3143 0.693063 0.047169
3144 0.693688 0.047116
3145 0.693625 0.047376
3146 0.693000 0.047601
3147 0.693938 0.047586
3148 0.693438 0.047470
3149 0.693813 0.047446
3150 0.693875 0.047170
3151 0.694250 0.046910
3152 0.694687 0.047165
3153 0.694000 0.047012
3154 0.694250 0.046525
3155 0.693875 0.046846
3156 0.694500 0.046413
3157 0.694438 0.046435
3158 0.694938 0.046751
3159 0.695187 0.046661
3160 0.696000 0.046254
3161 0.695875 0.046083
3162 0.696063 0.046272
3163 0.695937 0.046008
3164 0.696250 0.046047
3165 0.696562 0.044873
3166 0.696687 0.044874
3167 0.696500 0.045219
3168 0.697125 0.045220
3169 0.697375 0.045322
3170 0.696688 0.045761
3171 0.696938 0.045710
3172 0.696688 0.045212
3173 0.696000 0.045057
3174 0.696437 0.044680
3175 0.696812 0.044594
3176 0.697125 0.044594
3177 0.697062 0.044708
3178 0.696875 0.044917
3179 0.697187 0.045349
3180 0.696875 0.045238
3181 0.697187 0.045341
3182 0.698062 0.045900
3183 0.697750 0.045924
3184 0.697500 0.045672
3185 0.697438 0.045329
3186 0.697250 0.045418
3187 0.697563 0.045388
3188 0.697563 0.045016
3189 0.697813 0.045168
3190 0.698375 0.045005
3191 0.698813 0.045283
3192 0.698563 0.045336
3193 0.698313 0.045155
3194 0.698313 0.045491
3195 0.698313 0.045807
3196 0.697688 0.046230
3197 0.698125 0.046136
3198 0.697938 0.045758
3199 0.698750 0.045936
