0 1.000000 0.000000
1 0.996750 0.005483
2 0.992250 0.008250
3 0.988000 0.009670
4 0.984625 0.011299
5 0.981875 0.012547
6 0.978250 0.014100
7 0.974250 0.015694
8 0.970250 0.016468
9 0.967125 0.017558
10 0.963750 0.017984
11 0.960000 0.019843
12 0.956750 0.020188
13 0.953500 0.021439
14 0.948875 0.021294
15 0.945750 0.022236
16 0.943125 0.022457
17 0.939500 0.023233
18 0.936000 0.023603
19 0.934125 0.023376
20 0.930875 0.023282
21 0.927875 0.023509
22 0.925750 0.023771
23 0.923250 0.023453
24 0.921125 0.024856
25 0.917500 0.024812
26 0.914750 0.025396
27 0.911750 0.027147
28 0.910500 0.028158
29 0.908125 0.028634
30 0.906375 0.027979
31 0.903000 0.028946
32 0.900750 0.029676
33 0.898250 0.029844
34 0.896500 0.028509
35 0.894625 0.029961
36 0.891750 0.030271
37 0.889625 0.031773
38 0.888000 0.032640
39 0.884875 0.034473
40 0.884000 0.035315
41 0.882500 0.035000
42 0.880375 0.035411
43 0.879625 0.034625
44 0.876625 0.034895
45 0.874375 0.036158
46 0.873000 0.036216
47 0.870750 0.037300
48 0.868625 0.036933
49 0.866500 0.036481
50 0.865250 0.037190
51 0.862250 0.037206
52 0.862000 0.037204
53 0.860500 0.037447
54 0.858500 0.038197
55 0.857000 0.039778
56 0.855000 0.040466
57 0.852750 0.041291
58 0.851125 0.040739
59 0.848750 0.040869
60 0.846125 0.040454
61 0.842750 0.041200
62 0.839625 0.041984
63 0.838625 0.041461
64 0.836375 0.041197
65 0.834375 0.041585
66 0.833375 0.041760
67 0.832250 0.041314
68 0.830875 0.041813
69 0.828500 0.042650
70 0.827625 0.041881
71 0.826250 0.043066
72 0.826250 0.044843
73 0.825250 0.046232
74 0.824000 0.047259
75 0.823750 0.047054
76 0.823125 0.047512
77 0.821375 0.048033
78 0.819375 0.048842
79 0.819375 0.048746
80 0.818750 0.050078
81 0.817250 0.049931
82 0.817500 0.049749
83 0.816375 0.049614
84 0.815375 0.049144
85 0.814000 0.047935
86 0.813000 0.047760
87 0.812000 0.047399
88 0.810500 0.048112
89 0.810250 0.049509
90 0.808875 0.050938
91 0.808875 0.051122
92 0.808000 0.052187
93 0.807000 0.053336
94 0.805250 0.053097
95 0.803875 0.053053
96 0.804500 0.053547
97 0.802500 0.052945
98 0.801875 0.052600
99 0.801125 0.053271
100 0.800625 0.052481
101 0.798750 0.053663
102 0.797500 0.054141
103 0.796250 0.054615
104 0.796375 0.054005
105 0.793375 0.053369
106 0.791625 0.053533
107 0.791250 0.054098
108 0.790875 0.053847
109 0.789250 0.052679
110 0.789125 0.052668
111 0.788000 0.052349
112 0.785375 0.052976
113 0.784125 0.052167
114 0.784000 0.052144
115 0.783500 0.053235
116 0.782500 0.052856
117 0.782125 0.052119
118 0.781500 0.049702
119 0.781250 0.048589
120 0.780500 0.049571
121 0.779375 0.048810
122 0.779875 0.049209
123 0.779000 0.049494
124 0.778250 0.048335
125 0.778750 0.047054
126 0.778125 0.046750
127 0.776875 0.048360
128 0.776500 0.048679
129 0.776500 0.048999
130 0.775750 0.049239
131 0.774875 0.049734
132 0.773125 0.050602
133 0.772875 0.050623
134 0.773625 0.051657
135 0.772375 0.050445
136 0.772250 0.050018
137 0.771625 0.048921
138 0.770125 0.048506
139 0.770375 0.047653
140 0.769000 0.046519
141 0.769625 0.046813
142 0.768500 0.046452
143 0.769000 0.047483
144 0.767250 0.045750
145 0.766000 0.044794
146 0.764625 0.043086
147 0.763250 0.042604
148 0.761625 0.042066
149 0.760500 0.042194
150 0.759875 0.041956
151 0.758375 0.041798
152 0.758250 0.043165
153 0.755375 0.043490
154 0.754500 0.042958
155 0.755125 0.043485
156 0.753750 0.045087
157 0.753750 0.044878
158 0.753125 0.045152
159 0.752750 0.044916
160 0.752750 0.046083
161 0.751750 0.045758
162 0.751500 0.045148
163 0.752000 0.045680
164 0.752000 0.046291
165 0.752500 0.046503
166 0.752500 0.046737
167 0.752625 0.045665
168 0.751875 0.047282
169 0.751125 0.046807
170 0.749875 0.047087
171 0.748375 0.047784
172 0.747125 0.047856
173 0.747500 0.050062
174 0.747500 0.050837
175 0.745500 0.052097
176 0.744875 0.052800
177 0.745750 0.050782
178 0.746500 0.051783
179 0.746875 0.052719
180 0.747500 0.051448
181 0.745625 0.051490
182 0.745750 0.052803
183 0.745375 0.053052
184 0.744750 0.051937
185 0.745500 0.052545
186 0.744125 0.051704
187 0.744500 0.051670
188 0.744375 0.052273
189 0.744250 0.050788
190 0.743250 0.050634
191 0.743625 0.052574
192 0.743000 0.052777
193 0.742875 0.052209
194 0.742375 0.053294
195 0.742125 0.053434
196 0.741500 0.054397
197 0.740875 0.053205
198 0.739875 0.053552
199 0.740000 0.054829
200 0.740750 0.054932
201 0.740500 0.055765
202 0.739500 0.056173
203 0.738250 0.055616
204 0.737750 0.054629
205 0.738250 0.055701
206 0.736500 0.056116
207 0.735625 0.055322
208 0.736500 0.056725
209 0.735500 0.055698
210 0.734750 0.055610
211 0.733125 0.055237
212 0.732375 0.056100
213 0.731250 0.057323
214 0.730250 0.058395
215 0.731250 0.058457
216 0.731250 0.058323
217 0.730375 0.058423
218 0.730000 0.058763
219 0.730625 0.058320
220 0.729750 0.059655
221 0.731500 0.058376
222 0.731000 0.057865
223 0.730750 0.057782
224 0.729750 0.058277
225 0.731125 0.057513
226 0.731375 0.058135
227 0.731500 0.058856
228 0.732000 0.059275
229 0.731250 0.059490
230 0.732500 0.059582
231 0.732625 0.059867
232 0.730750 0.059645
233 0.731625 0.057594
234 0.731000 0.058590
235 0.731125 0.058350
236 0.732750 0.058357
237 0.732250 0.056849
238 0.733000 0.057405
239 0.732750 0.057630
240 0.731250 0.059543
241 0.729750 0.059366
242 0.729375 0.059434
243 0.728500 0.059321
244 0.728750 0.059359
245 0.728500 0.059558
246 0.727250 0.059408
247 0.727000 0.058729
248 0.727500 0.058336
249 0.727375 0.058113
250 0.726750 0.058283
251 0.725500 0.057280
252 0.724625 0.056387
253 0.723375 0.056944
254 0.722500 0.057309
255 0.722375 0.058665
256 0.722250 0.059017
257 0.722375 0.057725
258 0.723250 0.057146
259 0.722750 0.056964
260 0.723250 0.057201
261 0.724500 0.057443
262 0.724625 0.057567
263 0.725375 0.057810
264 0.726000 0.056945
265 0.725375 0.057512
266 0.726500 0.057535
267 0.725250 0.056953
268 0.725375 0.057512
269 0.725250 0.057879
270 0.724000 0.056780
271 0.723875 0.056239
272 0.722875 0.056873
273 0.722750 0.055856
274 0.722125 0.055251
275 0.722250 0.054732
276 0.722625 0.055641
277 0.722250 0.055722
278 0.721750 0.055891
279 0.720500 0.054958
280 0.719625 0.055064
281 0.720125 0.055787
282 0.719750 0.056739
283 0.719375 0.056191
284 0.717750 0.056408
285 0.717375 0.056066
286 0.717875 0.056741
287 0.718125 0.056524
288 0.717500 0.056954
289 0.717750 0.057041
290 0.716375 0.055725
291 0.717250 0.055079
292 0.717250 0.054766
293 0.717125 0.055330
294 0.717625 0.055145
295 0.716875 0.054325
296 0.715625 0.053250
297 0.714125 0.053492
298 0.715875 0.055138
299 0.714625 0.056265
300 0.714625 0.055426
301 0.713750 0.054529
302 0.712000 0.054656
303 0.711000 0.054951
304 0.709875 0.055150
305 0.710250 0.054554
306 0.710750 0.054401
307 0.710625 0.055604
308 0.710500 0.055754
309 0.711000 0.056244
310 0.710125 0.056781
311 0.712250 0.058496
312 0.713625 0.059110
313 0.713750 0.059280
314 0.712875 0.058855
315 0.711625 0.059009
316 0.711125 0.058707
317 0.710000 0.060000
318 0.710375 0.059531
319 0.708625 0.059914
320 0.707625 0.061894
321 0.707000 0.061525
322 0.706500 0.062312
323 0.708000 0.063184
324 0.707875 0.063998
325 0.706500 0.063405
326 0.704875 0.064321
327 0.705250 0.064473
328 0.705250 0.066360
329 0.704250 0.068196
330 0.704250 0.068948
331 0.703625 0.068927
332 0.702000 0.068641
333 0.701500 0.068449
334 0.701375 0.069167
335 0.701000 0.068709
336 0.699750 0.068624
337 0.700500 0.069258
338 0.701250 0.070678
339 0.701375 0.069908
340 0.700375 0.069787
341 0.700125 0.069406
342 0.701250 0.069541
343 0.701625 0.070349
344 0.701250 0.068682
345 0.701375 0.068714
346 0.699375 0.069762
347 0.698500 0.070296
348 0.698750 0.067996
349 0.698250 0.068214
350 0.698875 0.068786
351 0.698875 0.067641
352 0.699250 0.068049
353 0.699875 0.067881
354 0.700500 0.067382
355 0.702000 0.068299
356 0.703000 0.067688
357 0.702875 0.068210
358 0.703375 0.066564
359 0.703750 0.067349
360 0.704000 0.067520
361 0.702625 0.066762
362 0.701625 0.066183
363 0.701375 0.066023
364 0.702375 0.065400
365 0.701250 0.065729
366 0.700625 0.065750
367 0.699500 0.066095
368 0.700125 0.067117
369 0.698875 0.065933
370 0.698500 0.065127
371 0.698250 0.065741
372 0.699375 0.065392
373 0.699250 0.065499
374 0.697750 0.066035
375 0.696875 0.066623
376 0.697250 0.066323
377 0.697875 0.064809
378 0.697875 0.063173
379 0.697625 0.062767
380 0.696875 0.062509
381 0.696125 0.060614
382 0.696250 0.060454
383 0.696000 0.060799
384 0.695125 0.059500
385 0.695875 0.059399
386 0.696750 0.060224
387 0.696500 0.059741
388 0.697125 0.059761
389 0.697375 0.058478
390 0.697125 0.057794
391 0.698250 0.057392
392 0.698125 0.056468
393 0.698125 0.057238
394 0.698250 0.057528
395 0.698750 0.055888
396 0.698250 0.055340
397 0.698000 0.055219
398 0.699375 0.056909
399 0.698875 0.057611
400 0.698125 0.057129
401 0.699875 0.058962
402 0.700125 0.059437
403 0.700125 0.057405
404 0.701625 0.057355
405 0.702875 0.056426
406 0.702500 0.056347
407 0.702125 0.056099
408 0.701000 0.056863
409 0.701250 0.056083
410 0.702000 0.054650
411 0.702500 0.053823
412 0.702875 0.053905
413 0.703250 0.055074
414 0.703625 0.053423
415 0.702750 0.053636
416 0.702000 0.054277
417 0.700500 0.054312
418 0.701375 0.055167
419 0.701500 0.056216
420 0.701750 0.057745
421 0.700875 0.057316
422 0.699750 0.056981
423 0.699250 0.057386
424 0.697875 0.057529
425 0.697125 0.057306
426 0.695875 0.057474
427 0.696875 0.057074
428 0.697500 0.056679
429 0.698250 0.057555
430 0.698125 0.057673
431 0.698250 0.058577
432 0.698750 0.058723
433 0.698375 0.058781
434 0.698125 0.058453
435 0.699250 0.057522
436 0.700625 0.056163
437 0.700000 0.056236
438 0.701625 0.056199
439 0.702625 0.057208
440 0.703000 0.056710
441 0.701500 0.055910
442 0.701875 0.055856
443 0.701750 0.056098
444 0.701750 0.055171
445 0.702875 0.054281
446 0.701375 0.054368
447 0.700125 0.052634
448 0.700375 0.052958
449 0.699250 0.052495
450 0.699750 0.053180
451 0.700750 0.053788
452 0.700375 0.054154
453 0.699875 0.054900
454 0.701250 0.055269
455 0.702875 0.054768
456 0.703750 0.054729
457 0.704125 0.054143
458 0.704750 0.054795
459 0.704625 0.054990
460 0.703750 0.055467
461 0.703125 0.055940
462 0.703750 0.056830
463 0.703625 0.057072
464 0.704625 0.055948
465 0.704625 0.055443
466 0.705000 0.055000
467 0.704375 0.055039
468 0.705875 0.054499
469 0.706250 0.055269
470 0.706500 0.055719
471 0.706750 0.055549
472 0.705625 0.054094
473 0.706875 0.054640
474 0.707000 0.054924
475 0.707000 0.054266
476 0.707500 0.054515
477 0.707500 0.054083
478 0.706500 0.054328
479 0.707500 0.052885
480 0.708000 0.053107
481 0.707125 0.053743
482 0.709000 0.052740
483 0.709500 0.053593
484 0.708250 0.053596
485 0.707875 0.054246
486 0.707000 0.054409
487 0.708250 0.055176
488 0.707750 0.056562
489 0.708250 0.057343
490 0.708250 0.057831
491 0.708625 0.058755
492 0.708250 0.058796
493 0.708500 0.057876
494 0.708500 0.057115
495 0.707875 0.057191
496 0.708250 0.056270
497 0.709375 0.055294
498 0.708750 0.054758
499 0.708625 0.055865
500 0.708500 0.055534
501 0.709000 0.055764
502 0.708250 0.056657
503 0.707500 0.055453
504 0.707375 0.056350
505 0.707250 0.057803
506 0.707000 0.057699
507 0.706500 0.058161
508 0.705875 0.057756
509 0.706250 0.057622
510 0.706250 0.056693
511 0.707125 0.057316
512 0.707875 0.057518
513 0.708375 0.057556
514 0.708375 0.057908
515 0.707500 0.058229
516 0.707375 0.058097
517 0.708250 0.057397
518 0.708250 0.057804
519 0.708875 0.058691
520 0.709125 0.058359
521 0.707625 0.059789
522 0.707375 0.059216
523 0.706375 0.059647
524 0.706250 0.059464
525 0.706125 0.059752
526 0.706250 0.059778
527 0.706125 0.058936
528 0.704875 0.059789
529 0.704250 0.059823
530 0.703375 0.058706
531 0.704000 0.059184
532 0.704250 0.058369
533 0.704250 0.057858
534 0.704625 0.057681
535 0.704375 0.057401
536 0.702875 0.057142
537 0.704750 0.056811
538 0.703875 0.056863
539 0.704750 0.058169
540 0.704375 0.057970
541 0.704625 0.058568
542 0.705375 0.057886
543 0.705750 0.057593
544 0.705125 0.058151
545 0.704750 0.057112
546 0.705125 0.057148
547 0.705375 0.057643
548 0.705000 0.056981
549 0.704000 0.057361
550 0.703875 0.057301
551 0.704500 0.058323
552 0.705625 0.057754
553 0.704375 0.058239
554 0.703875 0.059126
555 0.703625 0.058585
556 0.703250 0.058487
557 0.703250 0.057462
558 0.703000 0.058044
559 0.702750 0.059123
560 0.703750 0.059280
561 0.703000 0.060211
562 0.701375 0.060748
563 0.700500 0.060748
564 0.701875 0.059144
565 0.701625 0.059991
566 0.700125 0.059358
567 0.700375 0.059541
568 0.701500 0.059537
569 0.700750 0.060514
570 0.700375 0.060659
571 0.700500 0.060387
572 0.701250 0.060351
573 0.701625 0.060069
574 0.702625 0.061219
575 0.703750 0.061428
576 0.703125 0.061400
577 0.703000 0.062001
578 0.704375 0.062634
579 0.703500 0.063050
580 0.702125 0.064008
581 0.702125 0.063886
582 0.702750 0.065278
583 0.701500 0.065914
584 0.700125 0.065966
585 0.699125 0.065390
586 0.700000 0.064566
587 0.700500 0.064564
588 0.701500 0.062357
589 0.699875 0.063085
590 0.699500 0.063095
591 0.700875 0.064669
592 0.701500 0.065438
593 0.701250 0.065324
594 0.701000 0.064558
595 0.702375 0.064993
596 0.702625 0.064694
597 0.703000 0.064979
598 0.703375 0.064514
599 0.703375 0.064101
600 0.704500 0.064603
601 0.705250 0.064376
602 0.704750 0.064633
603 0.703875 0.065376
604 0.702000 0.062941
605 0.701875 0.063452
606 0.703375 0.062296
607 0.703625 0.060112
608 0.704125 0.060287
609 0.705375 0.060396
610 0.705125 0.061647
611 0.703875 0.061306
612 0.703375 0.060126
613 0.702375 0.061357
614 0.703250 0.060741
615 0.702750 0.061760
616 0.703250 0.061963
617 0.701000 0.062015
618 0.699625 0.062461
619 0.698625 0.062021
620 0.699125 0.062004
621 0.699125 0.061752
622 0.697250 0.061836
623 0.696750 0.062740
624 0.696750 0.062815
625 0.696500 0.063568
626 0.697250 0.063850
627 0.698375 0.064895
628 0.697500 0.065741
629 0.697125 0.066822
630 0.697000 0.067803
631 0.697375 0.068152
632 0.698000 0.067285
633 0.698250 0.067962
634 0.697250 0.068090
635 0.698500 0.067553
636 0.697500 0.067915
637 0.698375 0.068022
638 0.698500 0.068995
639 0.699125 0.070273
640 0.699625 0.069764
641 0.699500 0.069595
642 0.700125 0.070256
643 0.699375 0.069740
644 0.699375 0.069762
645 0.699000 0.069590
646 0.699500 0.069775
647 0.699750 0.070267
648 0.699125 0.070606
649 0.698625 0.070243
650 0.699125 0.069737
651 0.699000 0.070371
652 0.697875 0.069103
653 0.698375 0.069881
654 0.699375 0.069019
655 0.699875 0.069720
656 0.700000 0.069664
657 0.700375 0.067742
658 0.699625 0.068476
659 0.699500 0.068600
660 0.698875 0.066921
661 0.697375 0.066949
662 0.696625 0.067055
663 0.695750 0.067482
664 0.695500 0.067419
665 0.696375 0.067692
666 0.695500 0.068157
667 0.696500 0.067825
668 0.696875 0.067346
669 0.695750 0.068562
670 0.694625 0.069782
671 0.695000 0.071195
672 0.694375 0.070895
673 0.695125 0.070775
674 0.695375 0.070592
675 0.695125 0.070686
676 0.694750 0.071221
677 0.696750 0.070680
678 0.698250 0.070822
679 0.697500 0.070290
680 0.696875 0.069986
681 0.697000 0.069757
682 0.697375 0.068677
683 0.697250 0.069273
684 0.696250 0.068408
685 0.696500 0.068330
686 0.696250 0.067627
687 0.695250 0.069051
688 0.693625 0.070722
689 0.693875 0.069788
690 0.693625 0.070301
691 0.693750 0.069226
692 0.693375 0.070166
693 0.693000 0.070585
694 0.691625 0.069979
695 0.691500 0.068668
696 0.692500 0.069011
697 0.692500 0.067915
698 0.694375 0.068131
699 0.694500 0.066716
700 0.694625 0.066409
701 0.695500 0.066603
702 0.696625 0.067079
703 0.697250 0.066956
704 0.695000 0.066097
705 0.695250 0.065306
706 0.694500 0.064694
707 0.693875 0.064335
708 0.694750 0.064908
709 0.695125 0.066706
710 0.695500 0.066674
711 0.695125 0.066963
712 0.694625 0.066268
713 0.694125 0.064794
714 0.695000 0.065072
715 0.696000 0.064442
716 0.696375 0.063622
717 0.696625 0.063193
718 0.697625 0.062866
719 0.697250 0.062164
720 0.697375 0.062182
721 0.696750 0.062064
722 0.698000 0.061814
723 0.698625 0.061515
724 0.700625 0.061247
725 0.700250 0.060311
726 0.700625 0.059644
727 0.699750 0.059503
728 0.700125 0.058750
729 0.700375 0.058080
730 0.700500 0.057634
731 0.700750 0.057250
732 0.700125 0.055326
733 0.701625 0.054333
734 0.701500 0.053627
735 0.699875 0.052723
736 0.699875 0.052841
737 0.698500 0.052864
738 0.701125 0.054518
739 0.700625 0.055407
740 0.701375 0.054253
741 0.700750 0.053846
742 0.699875 0.054040
743 0.701125 0.055708
744 0.699750 0.056208
745 0.699125 0.056658
746 0.699875 0.055495
747 0.699625 0.057049
748 0.699125 0.056437
749 0.700125 0.058483
750 0.699625 0.058669
751 0.699375 0.059382
752 0.696750 0.059651
753 0.696375 0.058611
754 0.695750 0.058262
755 0.696000 0.058520
756 0.696125 0.059679
757 0.695625 0.060140
758 0.694875 0.061086
759 0.694750 0.060601
760 0.694500 0.059956
761 0.694875 0.061189
762 0.696250 0.061707
763 0.697625 0.061510
764 0.696500 0.061773
765 0.697250 0.062414
766 0.696625 0.061564
767 0.696875 0.062234
768 0.696875 0.064720
769 0.696375 0.064549
770 0.696375 0.064038
771 0.697875 0.064154
772 0.698000 0.065161
773 0.698500 0.064500
774 0.699375 0.064162
775 0.699375 0.063403
776 0.699250 0.063561
777 0.699375 0.063452
778 0.700375 0.061453
779 0.701750 0.061136
780 0.700000 0.061619
781 0.698750 0.062111
782 0.698125 0.061552
783 0.697625 0.061712
784 0.698000 0.061510
785 0.697375 0.060681
786 0.698500 0.058930
787 0.699125 0.060241
788 0.700250 0.060776
789 0.699625 0.061529
790 0.699500 0.061388
791 0.698625 0.062146
792 0.698625 0.061894
793 0.697500 0.061237
794 0.698000 0.062418
795 0.699625 0.062311
796 0.701375 0.062747
797 0.701375 0.062697
798 0.701500 0.063499
799 0.701125 0.062752
800 0.700000 0.062973
801 0.699250 0.062869
802 0.700000 0.063958
803 0.699375 0.064114
804 0.698875 0.064930
805 0.697750 0.065964
806 0.697750 0.066647
807 0.698125 0.067855
808 0.697875 0.068284
809 0.696000 0.065428
810 0.695250 0.064995
811 0.695000 0.064807
812 0.695125 0.065046
813 0.695875 0.065528
814 0.695500 0.063995
815 0.693875 0.064043
816 0.693125 0.064599
817 0.692750 0.064764
818 0.692875 0.064402
819 0.692500 0.064323
820 0.693375 0.064722
821 0.692500 0.065312
822 0.691875 0.065607
823 0.692875 0.065485
824 0.693000 0.065677
825 0.693250 0.066177
826 0.692000 0.065730
827 0.689875 0.066419
828 0.691250 0.066485
829 0.691500 0.066939
830 0.691750 0.066526
831 0.692250 0.064947
832 0.691750 0.064981
833 0.692125 0.065160
834 0.692750 0.064303
835 0.693625 0.063085
836 0.693125 0.063131
837 0.693125 0.062659
838 0.692625 0.061874
839 0.693375 0.061376
840 0.693500 0.061326
841 0.693000 0.061652
842 0.693500 0.063282
843 0.693250 0.063993
844 0.694750 0.064109
845 0.695000 0.063762
846 0.694375 0.064089
847 0.694125 0.066084
848 0.693000 0.065677
849 0.692500 0.064153
850 0.692625 0.065242
851 0.692500 0.066238
852 0.691750 0.066338
853 0.691875 0.065679
854 0.693875 0.066954
855 0.693375 0.067279
856 0.693750 0.066014
857 0.693875 0.065108
858 0.693625 0.066603
859 0.694500 0.065534
860 0.693125 0.066412
861 0.690750 0.066629
862 0.692375 0.065928
863 0.692250 0.065354
864 0.691875 0.065464
865 0.692000 0.064651
866 0.691750 0.065960
867 0.692500 0.065479
868 0.692875 0.066550
869 0.692750 0.067040
870 0.693250 0.067185
871 0.693500 0.065395
872 0.693125 0.065297
873 0.692500 0.064856
874 0.692375 0.063637
875 0.693750 0.063799
876 0.694250 0.062710
877 0.696000 0.062771
878 0.696875 0.062359
879 0.697125 0.061640
880 0.696750 0.061988
881 0.696125 0.063213
882 0.695750 0.064280
883 0.694250 0.063650
884 0.694625 0.063178
885 0.694875 0.063149
886 0.694875 0.063050
887 0.693625 0.063159
888 0.693000 0.062433
889 0.692375 0.062622
890 0.693250 0.061908
891 0.692500 0.062650
892 0.692375 0.062822
893 0.691625 0.062276
894 0.692375 0.060876
895 0.691750 0.060756
896 0.692500 0.060052
897 0.692750 0.061547
898 0.691875 0.060914
899 0.691000 0.061595
900 0.690875 0.061767
901 0.692000 0.063505
902 0.691625 0.062551
903 0.690875 0.061767
904 0.691125 0.062081
905 0.690250 0.061175
906 0.690000 0.060544
907 0.689875 0.060640
908 0.689750 0.059723
909 0.690750 0.060094
910 0.690625 0.060218
911 0.691625 0.059531
912 0.691500 0.059867
913 0.692500 0.059687
914 0.693000 0.059982
915 0.693750 0.059227
916 0.694500 0.059327
917 0.693625 0.059227
918 0.695250 0.059812
919 0.695500 0.059122
920 0.695500 0.059491
921 0.696375 0.059747
922 0.697250 0.059150
923 0.697625 0.059285
924 0.697250 0.060145
925 0.698750 0.059752
926 0.698250 0.059399
927 0.698750 0.059778
928 0.700250 0.059765
929 0.701125 0.060881
930 0.701375 0.059997
931 0.700500 0.058974
932 0.700375 0.059173
933 0.699750 0.059187
934 0.700625 0.060062
935 0.700125 0.058883
936 0.699875 0.059411
937 0.700250 0.060026
938 0.701750 0.059346
939 0.700625 0.059906
940 0.703250 0.060120
941 0.703250 0.058673
942 0.703875 0.058569
943 0.703625 0.058291
944 0.703125 0.056689
945 0.702375 0.057682
946 0.702500 0.058202
947 0.701750 0.058417
948 0.702125 0.059004
949 0.700000 0.059319
950 0.701375 0.060671
951 0.700000 0.060596
952 0.700500 0.060336
953 0.700750 0.059288
954 0.701625 0.059730
955 0.702500 0.058816
956 0.702500 0.058577
957 0.702500 0.058229
958 0.701875 0.057673
959 0.701375 0.056593
960 0.701250 0.056610
961 0.700625 0.057156
962 0.701625 0.056171
963 0.701375 0.056150
964 0.701000 0.056753
965 0.701750 0.056927
966 0.703375 0.058520
967 0.702750 0.058352
968 0.702875 0.059604
969 0.702500 0.060879
970 0.702625 0.061652
971 0.702875 0.060952
972 0.702250 0.060966
973 0.702750 0.059282
974 0.702125 0.059294
975 0.702375 0.059574
976 0.703250 0.059677
977 0.704375 0.058078
978 0.704625 0.058434
979 0.704625 0.058032
980 0.705375 0.058557
981 0.704875 0.059132
982 0.705125 0.058659
983 0.703875 0.058328
984 0.703250 0.057053
985 0.704250 0.057397
986 0.703750 0.058962
987 0.702875 0.059263
988 0.702625 0.059221
989 0.701500 0.060783
990 0.702250 0.061374
991 0.701000 0.060407
992 0.701125 0.059558
993 0.701250 0.059121
994 0.702250 0.058480
995 0.701500 0.058558
996 0.702000 0.057845
997 0.703000 0.058687
998 0.703375 0.059604
999 0.702750 0.060249
1000 0.703000 0.059821
1001 0.703500 0.059715
1002 0.703375 0.059473
1003 0.703375 0.059683
1004 0.702500 0.058737
1005 0.703375 0.058706
1006 0.703375 0.058866
1007 0.700625 0.060062
1008 0.700375 0.059646
1009 0.700875 0.060163
1010 0.701625 0.060998
1011 0.701750 0.061289
1012 0.700000 0.061365
1013 0.699250 0.061436
1014 0.699750 0.059921
1015 0.701000 0.059966
1016 0.700875 0.059641
1017 0.701125 0.058872
1018 0.702125 0.057718
1019 0.703875 0.058167
1020 0.704500 0.059016
1021 0.703375 0.059025
1022 0.703500 0.059057
1023 0.703250 0.058111
1024 0.703000 0.059190
1025 0.701000 0.059416
1026 0.700750 0.058785
1027 0.701375 0.059789
1028 0.701375 0.059971
1029 0.700000 0.060982
1030 0.700375 0.060556
1031 0.699125 0.060396
1032 0.699250 0.061284
1033 0.698625 0.061209
1034 0.698375 0.060355
1035 0.698500 0.060552
1036 0.698250 0.060931
1037 0.699000 0.061280
1038 0.699875 0.061173
1039 0.699250 0.062520
1040 0.698625 0.063020
1041 0.699625 0.062661
1042 0.700250 0.063319
1043 0.698875 0.063642
1044 0.698625 0.063391
1045 0.698375 0.062391
1046 0.697625 0.063411
1047 0.697750 0.063378
1048 0.698125 0.062634
1049 0.697875 0.062100
1050 0.697125 0.060952
1051 0.697500 0.061084
1052 0.697375 0.060500
1053 0.697000 0.060315
1054 0.697875 0.060183
1055 0.697000 0.060599
1056 0.696000 0.060049
1057 0.695750 0.060266
1058 0.695750 0.060447
1059 0.696250 0.060376
1060 0.695625 0.060734
1061 0.696250 0.060143
1062 0.696625 0.059892
1063 0.696875 0.060606
1064 0.698125 0.060140
1065 0.697125 0.058332
1066 0.698625 0.058574
1067 0.698500 0.058638
1068 0.697875 0.057365
1069 0.697250 0.057434
1070 0.697250 0.056557
1071 0.696125 0.056255
1072 0.696000 0.056427
1073 0.696625 0.057278
1074 0.697625 0.056918
1075 0.697375 0.057833
1076 0.698375 0.059125
1077 0.699500 0.059737
1078 0.699875 0.059227
1079 0.699375 0.060244
1080 0.700250 0.061135
1081 0.701375 0.062322
1082 0.702000 0.062066
1083 0.701750 0.061365
1084 0.701375 0.061438
1085 0.700625 0.062133
1086 0.701375 0.063268
1087 0.701500 0.063302
1088 0.703000 0.060856
1089 0.702500 0.062199
1090 0.702875 0.062696
1091 0.702875 0.061488
1092 0.702125 0.062301
1093 0.702375 0.061535
1094 0.704000 0.062397
1095 0.704000 0.061869
1096 0.704750 0.061967
1097 0.704250 0.062705
1098 0.704625 0.062766
1099 0.703750 0.063504
1100 0.703625 0.063598
1101 0.704250 0.063053
1102 0.704625 0.064533
1103 0.705375 0.064232
1104 0.704875 0.064515
1105 0.706000 0.063035
1106 0.705500 0.063155
1107 0.706000 0.064116
1108 0.706250 0.064699
1109 0.705875 0.065370
1110 0.706875 0.066811
1111 0.706875 0.067462
1112 0.706625 0.066789
1113 0.705375 0.067944
1114 0.704875 0.068827
1115 0.703625 0.067945
1116 0.703000 0.067224
1117 0.705000 0.066568
1118 0.704000 0.066588
1119 0.704500 0.064287
1120 0.705000 0.065431
1121 0.706125 0.065705
1122 0.707000 0.066763
1123 0.706125 0.068317
1124 0.705000 0.066685
1125 0.703500 0.064906
1126 0.705000 0.063270
1127 0.705250 0.063840
1128 0.705500 0.062508
1129 0.705250 0.062729
1130 0.707000 0.061880
1131 0.707125 0.061498
1132 0.708000 0.061480
1133 0.708500 0.061004
1134 0.709000 0.060132
1135 0.710250 0.059012
1136 0.710375 0.057962
1137 0.710000 0.059187
1138 0.710000 0.060260
1139 0.710500 0.060692
1140 0.710375 0.060106
1141 0.709625 0.061234
1142 0.708875 0.061829
1143 0.707500 0.062625
1144 0.706875 0.063230
1145 0.706750 0.062435
1146 0.706625 0.061757
1147 0.706625 0.060685
1148 0.707250 0.060807
1149 0.707000 0.060604
1150 0.703750 0.061454
1151 0.703625 0.063030
1152 0.703750 0.062362
1153 0.703625 0.062757
1154 0.703500 0.063617
1155 0.704125 0.063518
1156 0.704125 0.062376
1157 0.704500 0.061885
1158 0.705125 0.063248
1159 0.704750 0.064221
1160 0.704875 0.063882
1161 0.705375 0.064208
1162 0.705000 0.064928
1163 0.705750 0.065941
1164 0.705875 0.065155
1165 0.704750 0.065163
1166 0.705750 0.064866
1167 0.705750 0.064866
1168 0.704125 0.064154
1169 0.702875 0.064125
1170 0.701750 0.063419
1171 0.701625 0.062165
1172 0.700750 0.062220
1173 0.700750 0.061968
1174 0.699500 0.060748
1175 0.698875 0.061138
1176 0.699125 0.060911
1177 0.697625 0.061204
1178 0.695625 0.061628
1179 0.695875 0.061544
1180 0.696625 0.060824
1181 0.696750 0.060560
1182 0.695375 0.059939
1183 0.696375 0.058291
1184 0.697625 0.058489
1185 0.699500 0.057034
1186 0.697875 0.056015
1187 0.698375 0.055724
1188 0.698250 0.055706
1189 0.698500 0.056383
1190 0.700875 0.057180
1191 0.700500 0.057143
1192 0.699875 0.056968
1193 0.700250 0.056457
1194 0.702250 0.056413
1195 0.701750 0.055284
1196 0.702625 0.054781
1197 0.702375 0.054248
1198 0.702125 0.055030
1199 0.702750 0.054532
1200 0.704625 0.055471
1201 0.705500 0.055574
1202 0.705750 0.055097
1203 0.706125 0.055042
1204 0.705500 0.053919
1205 0.705250 0.054806
1206 0.704625 0.054677
1207 0.705875 0.053661
1208 0.706250 0.054184
1209 0.705000 0.054112
1210 0.704375 0.054954
1211 0.704875 0.055167
1212 0.703875 0.055585
1213 0.705125 0.055792
1214 0.703875 0.057492
1215 0.703125 0.057183
1216 0.702625 0.056935
1217 0.702250 0.057402
1218 0.702500 0.056981
1219 0.703250 0.057135
1220 0.703375 0.057032
1221 0.702750 0.057597
1222 0.703625 0.057044
1223 0.703625 0.057454
1224 0.703000 0.057558
1225 0.702250 0.056964
1226 0.701875 0.057129
1227 0.701250 0.057758
1228 0.702750 0.058164
1229 0.702125 0.058658
1230 0.702750 0.059702
1231 0.701750 0.058764
1232 0.701375 0.059395
1233 0.701500 0.059432
1234 0.703000 0.060599
1235 0.703375 0.060978
1236 0.702375 0.061814
1237 0.702500 0.061720
1238 0.701875 0.062459
1239 0.702750 0.061608
1240 0.703250 0.061862
1241 0.703750 0.062111
1242 0.704125 0.061999
1243 0.704250 0.062104
1244 0.705000 0.061135
1245 0.704625 0.060844
1246 0.704500 0.061454
1247 0.704375 0.059670
1248 0.704750 0.059366
1249 0.703750 0.059411
1250 0.704125 0.061034
1251 0.704625 0.060587
1252 0.704375 0.061552
1253 0.705000 0.061288
1254 0.703750 0.062162
1255 0.704250 0.061776
1256 0.704250 0.062079
1257 0.705250 0.063027
1258 0.706000 0.063970
1259 0.706000 0.062437
1260 0.706375 0.063010
1261 0.706250 0.063010
1262 0.707375 0.062076
1263 0.708000 0.062162
1264 0.707250 0.061952
1265 0.706500 0.061884
1266 0.706000 0.061147
1267 0.705250 0.060832
1268 0.705750 0.059750
1269 0.705750 0.058934
1270 0.704375 0.059276
1271 0.704375 0.059984
1272 0.704000 0.059500
1273 0.702750 0.059255
1274 0.703000 0.059768
1275 0.702000 0.060923
1276 0.702750 0.061785
1277 0.703875 0.063411
1278 0.703375 0.063291
1279 0.703625 0.062532
1280 0.703500 0.062627
1281 0.704000 0.062697
1282 0.703875 0.062392
1283 0.703250 0.062340
1284 0.702500 0.063468
1285 0.703000 0.062852
1286 0.702750 0.061735
1287 0.702625 0.062532
1288 0.702625 0.063327
1289 0.703875 0.063015
1290 0.703500 0.063346
1291 0.704625 0.062140
1292 0.704875 0.062397
1293 0.703750 0.062812
1294 0.703875 0.061965
1295 0.702250 0.062883
1296 0.702000 0.061764
1297 0.701000 0.062367
1298 0.700750 0.062645
1299 0.700750 0.063758
1300 0.700750 0.064392
1301 0.700750 0.064465
1302 0.701375 0.063366
1303 0.702375 0.063114
1304 0.702125 0.062801
1305 0.702125 0.061569
1306 0.701500 0.061499
1307 0.701500 0.061091
1308 0.702375 0.060252
1309 0.702875 0.058892
1310 0.701625 0.058085
1311 0.702375 0.058915
1312 0.701625 0.059046
1313 0.702750 0.059623
1314 0.703125 0.058453
1315 0.702750 0.058164
1316 0.703250 0.057571
1317 0.703250 0.057381
1318 0.703000 0.056599
1319 0.703125 0.055912
1320 0.702250 0.054411
1321 0.702250 0.054036
1322 0.702750 0.053285
1323 0.702000 0.054104
1324 0.703375 0.053205
1325 0.703500 0.052651
1326 0.702875 0.052107
1327 0.702500 0.052856
1328 0.703375 0.052376
1329 0.703500 0.051602
1330 0.702500 0.051539
1331 0.703125 0.051338
1332 0.704500 0.052426
1333 0.704125 0.052917
1334 0.703625 0.051060
1335 0.702250 0.052690
1336 0.703250 0.052310
1337 0.703500 0.053094
1338 0.704000 0.052941
1339 0.703250 0.051890
1340 0.702750 0.052039
1341 0.703000 0.051995
1342 0.702375 0.052491
1343 0.702500 0.053997
1344 0.702250 0.053776
1345 0.703375 0.053235
1346 0.704000 0.052911
1347 0.704250 0.052862
1348 0.704500 0.052575
1349 0.703625 0.052806
1350 0.703875 0.053112
1351 0.703750 0.051766
1352 0.703250 0.052310
1353 0.702250 0.052808
1354 0.702000 0.053553
1355 0.702125 0.052591
1356 0.700375 0.053340
1357 0.699875 0.053924
1358 0.700875 0.055629
1359 0.701625 0.055864
1360 0.700000 0.056954
1361 0.700500 0.055844
1362 0.701000 0.056060
1363 0.700250 0.056124
1364 0.699875 0.055748
1365 0.700000 0.056872
1366 0.699625 0.056138
1367 0.699250 0.057004
1368 0.699000 0.058328
1369 0.700375 0.057837
1370 0.701750 0.056790
1371 0.702250 0.057238
1372 0.703125 0.056385
1373 0.703125 0.056330
1374 0.704125 0.057147
1375 0.704125 0.057311
1376 0.703250 0.057217
1377 0.702375 0.057437
1378 0.703000 0.055793
1379 0.703375 0.056009
1380 0.704125 0.055623
1381 0.705125 0.055286
1382 0.704500 0.056139
1383 0.704500 0.056195
1384 0.705000 0.057337
1385 0.705250 0.056849
1386 0.704500 0.058883
1387 0.705875 0.058908
1388 0.707875 0.058940
1389 0.708000 0.058189
1390 0.707875 0.057789
1391 0.707375 0.057720
1392 0.705625 0.058159
1393 0.704125 0.057746
1394 0.703750 0.057839
1395 0.704750 0.058062
1396 0.703500 0.058686
1397 0.703375 0.058839
1398 0.701875 0.059250
1399 0.700625 0.058480
1400 0.699625 0.058749
1401 0.698625 0.059867
1402 0.698250 0.060312
1403 0.698250 0.061872
1404 0.698500 0.061854
1405 0.698000 0.061485
1406 0.698625 0.061311
1407 0.698125 0.061552
1408 0.697875 0.060520
1409 0.699000 0.061127
1410 0.699375 0.062634
1411 0.699500 0.063441
1412 0.699750 0.062224
1413 0.699875 0.061122
1414 0.701250 0.060994
1415 0.700750 0.061079
1416 0.701625 0.059861
1417 0.701625 0.058940
1418 0.701250 0.058027
1419 0.702125 0.058951
1420 0.702625 0.058851
1421 0.703000 0.059454
1422 0.702250 0.059644
1423 0.702250 0.059670
1424 0.700375 0.060634
1425 0.700875 0.060706
1426 0.701125 0.060210
1427 0.700125 0.059909
1428 0.698625 0.061489
1429 0.699750 0.060078
1430 0.700375 0.059620
1431 0.699750 0.060544
1432 0.699125 0.060654
1433 0.697125 0.059996
1434 0.696000 0.059657
1435 0.694625 0.060189
1436 0.695125 0.059867
1437 0.695125 0.059579
1438 0.694875 0.059742
1439 0.694000 0.060117
1440 0.694375 0.060244
1441 0.693500 0.060402
1442 0.694500 0.061576
1443 0.695375 0.061737
1444 0.695750 0.061497
1445 0.695500 0.061302
1446 0.693750 0.061733
1447 0.693875 0.062487
1448 0.695250 0.061740
1449 0.695375 0.060973
1450 0.696375 0.060034
1451 0.696625 0.058733
1452 0.695500 0.060687
1453 0.696250 0.060143
1454 0.695250 0.060642
1455 0.694750 0.060497
1456 0.696375 0.061626
1457 0.696125 0.061662
1458 0.697000 0.060882
1459 0.697000 0.061164
1460 0.697125 0.060773
1461 0.698250 0.060571
1462 0.699000 0.060485
1463 0.699375 0.059592
1464 0.699125 0.059405
1465 0.699375 0.059906
1466 0.700250 0.059817
1467 0.701000 0.059626
1468 0.700250 0.059869
1469 0.700750 0.058732
1470 0.700250 0.057118
1471 0.699750 0.058067
1472 0.701375 0.058840
1473 0.701125 0.061086
1474 0.701500 0.060937
1475 0.701625 0.060793
1476 0.702000 0.060666
1477 0.700875 0.061676
1478 0.701250 0.061910
1479 0.702500 0.062350
1480 0.702125 0.062176
1481 0.702250 0.062384
1482 0.702500 0.062824
1483 0.701500 0.063302
1484 0.700625 0.061221
1485 0.701125 0.061189
1486 0.702125 0.061646
1487 0.700375 0.060968
1488 0.699375 0.061323
1489 0.699875 0.060660
1490 0.700250 0.060750
1491 0.700875 0.062231
1492 0.701500 0.061117
1493 0.702000 0.061128
1494 0.702500 0.061058
1495 0.702875 0.062870
1496 0.702125 0.061442
1497 0.701500 0.061575
1498 0.700750 0.062919
1499 0.700375 0.062211
1500 0.700750 0.061309
1501 0.702250 0.060812
1502 0.704000 0.062322
1503 0.704750 0.062219
1504 0.705375 0.061498
1505 0.705500 0.062056
1506 0.706750 0.062335
1507 0.706375 0.061428
1508 0.704875 0.061793
1509 0.703750 0.063035
1510 0.703875 0.062692
1511 0.704125 0.062526
1512 0.703125 0.061400
1513 0.702625 0.062382
1514 0.701625 0.062165
1515 0.701875 0.062484
1516 0.702625 0.061930
1517 0.702500 0.061543
1518 0.702375 0.061306
1519 0.701625 0.061075
1520 0.701500 0.062457
1521 0.701000 0.061788
1522 0.700625 0.061119
1523 0.699875 0.062337
1524 0.698875 0.062901
1525 0.699500 0.062398
1526 0.699500 0.062398
1527 0.700875 0.061701
1528 0.700250 0.062123
1529 0.701125 0.062652
1530 0.700500 0.061312
1531 0.699875 0.060454
1532 0.698875 0.060779
1533 0.699250 0.059865
1534 0.698625 0.061387
1535 0.699625 0.062386
1536 0.698500 0.064184
1537 0.697625 0.063999
1538 0.696875 0.064405
1539 0.697750 0.063943
1540 0.697000 0.065099
1541 0.697625 0.064896
1542 0.697125 0.064393
1543 0.697250 0.063654
1544 0.696625 0.064125
1545 0.696625 0.064320
1546 0.696250 0.063970
1547 0.694375 0.063181
1548 0.693125 0.063230
1549 0.692375 0.062747
1550 0.691875 0.062158
1551 0.692375 0.062121
1552 0.693375 0.061630
1553 0.692500 0.063468
1554 0.692500 0.064348
1555 0.692000 0.064263
1556 0.692500 0.064031
1557 0.692375 0.063366
1558 0.692250 0.061917
1559 0.692625 0.063396
1560 0.692375 0.064175
1561 0.693500 0.064722
1562 0.693000 0.065606
1563 0.693125 0.065702
1564 0.691500 0.066094
1565 0.691875 0.063698
1566 0.692625 0.064058
1567 0.691875 0.063943
1568 0.690500 0.063667
1569 0.690000 0.063664
1570 0.689625 0.063715
1571 0.690250 0.063012
1572 0.691250 0.062537
1573 0.692000 0.062363
1574 0.691625 0.064033
1575 0.691375 0.063779
1576 0.690250 0.064725
1577 0.689875 0.066842
1578 0.690750 0.066606
1579 0.690250 0.067721
1580 0.690250 0.068319
1581 0.691250 0.067835
1582 0.691750 0.068288
1583 0.691500 0.068508
1584 0.692500 0.067731
1585 0.691375 0.068527
1586 0.691250 0.068385
1587 0.691375 0.067724
1588 0.692625 0.068353
1589 0.691250 0.070434
1590 0.692000 0.069384
1591 0.692250 0.068711
1592 0.691875 0.068314
1593 0.690375 0.066939
1594 0.690000 0.066120
1595 0.689875 0.065185
1596 0.690000 0.064928
1597 0.690250 0.064845
1598 0.689875 0.064462
1599 0.691000 0.063568
