0 1.000000 0.000000
1 0.996375 0.005672
2 0.992875 0.008150
3 0.989875 0.009303
4 0.986625 0.011491
5 0.983000 0.012314
6 0.979000 0.012359
7 0.976375 0.012611
8 0.972500 0.014031
9 0.968875 0.015761
10 0.966125 0.016326
11 0.961875 0.017173
12 0.958500 0.018017
13 0.955000 0.018540
14 0.950875 0.020330
15 0.946750 0.021185
16 0.943625 0.021758
17 0.941125 0.022520
18 0.938250 0.023172
19 0.935500 0.024220
20 0.933500 0.025610
21 0.930125 0.026226
22 0.926875 0.026597
23 0.923250 0.026459
24 0.920500 0.026072
25 0.917250 0.026680
26 0.915000 0.027042
27 0.912875 0.027126
28 0.910750 0.027727
29 0.907625 0.027093
30 0.906000 0.027012
31 0.903125 0.028250
32 0.901750 0.029423
33 0.900250 0.028667
34 0.898500 0.028792
35 0.895625 0.029282
36 0.895125 0.028444
37 0.893875 0.029764
38 0.891750 0.030833
39 0.889375 0.032277
40 0.887000 0.032783
41 0.885250 0.033043
42 0.883750 0.031598
43 0.880250 0.030526
44 0.877000 0.030604
45 0.874500 0.031271
46 0.873000 0.031559
47 0.870000 0.032016
48 0.868750 0.031598
49 0.867000 0.032041
50 0.865500 0.031727
51 0.865000 0.032882
52 0.864000 0.034062
53 0.862000 0.034817
54 0.859750 0.034396
55 0.858000 0.035068
56 0.856125 0.035990
57 0.854500 0.035642
58 0.852625 0.037345
59 0.850750 0.037659
60 0.849500 0.038807
61 0.846625 0.040033
62 0.845375 0.040259
63 0.844750 0.039377
64 0.844375 0.040132
65 0.842750 0.040396
66 0.840250 0.041215
67 0.838625 0.042870
68 0.836250 0.042702
69 0.834625 0.043260
70 0.833000 0.043679
71 0.832125 0.043706
72 0.830375 0.044939
73 0.828125 0.044978
74 0.826750 0.043626
75 0.825875 0.044026
76 0.823625 0.044261
77 0.824250 0.043690
78 0.822500 0.043625
79 0.820375 0.045127
80 0.819875 0.044515
81 0.818375 0.044281
82 0.817875 0.046005
83 0.816500 0.046195
84 0.814125 0.046893
85 0.812000 0.046935
86 0.810000 0.047434
87 0.809750 0.047912
88 0.807375 0.047864
89 0.807000 0.048066
90 0.805500 0.047969
91 0.803625 0.047903
92 0.802000 0.047425
93 0.800125 0.047713
94 0.797500 0.047958
95 0.798000 0.047557
96 0.797375 0.048098
97 0.797125 0.047462
98 0.796125 0.047490
99 0.794375 0.049446
100 0.794125 0.048972
101 0.793250 0.050449
102 0.791375 0.051042
103 0.790375 0.051291
104 0.790250 0.050298
105 0.788500 0.050271
106 0.787000 0.052049
107 0.785375 0.052621
108 0.783875 0.052061
109 0.783750 0.051977
110 0.782750 0.053115
111 0.782625 0.052734
112 0.782625 0.052734
113 0.782750 0.052464
114 0.781500 0.052126
115 0.781500 0.053458
116 0.780500 0.053948
117 0.779625 0.053842
118 0.778750 0.054069
119 0.776625 0.052519
120 0.776375 0.052018
121 0.775000 0.052797
122 0.773625 0.052853
123 0.773625 0.052823
124 0.771875 0.052956
125 0.770500 0.053867
126 0.769875 0.053505
127 0.770000 0.053677
128 0.769500 0.053570
129 0.770125 0.052764
130 0.771375 0.052953
131 0.771125 0.052372
132 0.770875 0.051510
133 0.770750 0.051727
134 0.770125 0.052318
135 0.769875 0.051784
136 0.769250 0.050819
137 0.769125 0.049512
138 0.768000 0.049634
139 0.766875 0.049034
140 0.767125 0.048142
141 0.765875 0.048601
142 0.766500 0.049209
143 0.766500 0.050894
144 0.766000 0.050839
145 0.765875 0.051139
146 0.767000 0.050390
147 0.765250 0.050018
148 0.762250 0.050651
149 0.760750 0.050653
150 0.760500 0.050054
151 0.758750 0.051796
152 0.757250 0.052773
153 0.756750 0.052661
154 0.756500 0.052156
155 0.755500 0.052211
156 0.755625 0.052660
157 0.754875 0.051657
158 0.755500 0.050353
159 0.755000 0.049718
160 0.754500 0.050699
161 0.752250 0.051185
162 0.752125 0.051480
163 0.752125 0.051053
164 0.750625 0.049980
165 0.750750 0.050677
166 0.749500 0.050588
167 0.748500 0.051060
168 0.749000 0.052401
169 0.749375 0.053717
170 0.748000 0.054650
171 0.748125 0.054612
172 0.748375 0.053492
173 0.747750 0.054152
174 0.747750 0.054267
175 0.747500 0.053239
176 0.747375 0.054666
177 0.747500 0.054228
178 0.746750 0.053957
179 0.746375 0.055008
180 0.746125 0.054506
181 0.745250 0.054336
182 0.744000 0.055438
183 0.743125 0.055940
184 0.741000 0.055792
185 0.740750 0.057571
186 0.739875 0.058248
187 0.739375 0.057646
188 0.739750 0.057727
189 0.738125 0.057046
190 0.738000 0.056400
191 0.737625 0.056250
192 0.737625 0.056885
193 0.736375 0.055820
194 0.736250 0.056027
195 0.737000 0.056373
196 0.735250 0.056135
197 0.735000 0.056762
198 0.735125 0.055303
199 0.735625 0.055407
200 0.735375 0.053998
201 0.734875 0.053042
202 0.734000 0.053182
203 0.733125 0.052452
204 0.732125 0.050967
205 0.731250 0.052187
206 0.729500 0.051494
207 0.728125 0.050540
208 0.728375 0.049776
209 0.728500 0.049120
210 0.728875 0.047060
211 0.728750 0.046887
212 0.728500 0.046270
213 0.728750 0.046954
214 0.729000 0.047693
215 0.728875 0.048467
216 0.727750 0.048140
217 0.726375 0.049652
218 0.726000 0.050611
219 0.727500 0.051992
220 0.728250 0.050887
221 0.728125 0.049541
222 0.729000 0.049996
223 0.731000 0.050512
224 0.730500 0.050476
225 0.730125 0.050470
226 0.730125 0.050500
227 0.728875 0.048820
228 0.728125 0.048714
229 0.727625 0.048647
230 0.726375 0.048666
231 0.724875 0.049639
232 0.725875 0.050505
233 0.725625 0.049541
234 0.726500 0.049821
235 0.728625 0.049601
236 0.728250 0.049200
237 0.727250 0.049351
238 0.726000 0.049833
239 0.725375 0.049259
240 0.725375 0.048716
241 0.726125 0.050034
242 0.725750 0.050954
243 0.725625 0.051490
244 0.725375 0.050264
245 0.725375 0.049858
246 0.726375 0.051323
247 0.726625 0.051102
248 0.726500 0.051060
249 0.725250 0.050682
250 0.725500 0.051049
251 0.724750 0.049999
252 0.725625 0.049193
253 0.724625 0.050851
254 0.723875 0.050717
255 0.723750 0.049859
256 0.721750 0.049832
257 0.723000 0.050241
258 0.723250 0.050529
259 0.724375 0.050818
260 0.724875 0.050015
261 0.724250 0.050430
262 0.724500 0.049810
263 0.726000 0.048788
264 0.725875 0.047673
265 0.725250 0.047925
266 0.725250 0.047302
267 0.725125 0.048299
268 0.724500 0.047858
269 0.724500 0.046835
270 0.723625 0.047299
271 0.723875 0.048059
272 0.723500 0.049317
273 0.721250 0.049387
274 0.721375 0.048903
275 0.722250 0.049673
276 0.720750 0.048997
277 0.720000 0.048445
278 0.721500 0.049752
279 0.721125 0.049425
280 0.721375 0.049222
281 0.721875 0.048198
282 0.722375 0.047903
283 0.722375 0.049412
284 0.722125 0.050214
285 0.722000 0.050748
286 0.720500 0.050514
287 0.720250 0.050676
288 0.719750 0.050379
289 0.718375 0.050697
290 0.719125 0.051734
291 0.719625 0.051090
292 0.719875 0.050531
293 0.720750 0.050751
294 0.718375 0.049385
295 0.718375 0.048781
296 0.717250 0.049931
297 0.716750 0.050874
298 0.715875 0.049745
299 0.716500 0.050894
300 0.716500 0.050864
301 0.715875 0.051139
302 0.715125 0.050072
303 0.715625 0.051216
304 0.716125 0.052150
305 0.715875 0.052406
306 0.715750 0.052815
307 0.715375 0.052466
308 0.713875 0.052912
309 0.713875 0.051747
310 0.714000 0.052835
311 0.714500 0.051378
312 0.713125 0.051002
313 0.712625 0.053663
314 0.712125 0.053778
315 0.712125 0.054154
316 0.713000 0.054455
317 0.713500 0.054962
318 0.713000 0.055253
319 0.712625 0.055860
320 0.714000 0.057099
321 0.714375 0.057292
322 0.714375 0.055968
323 0.715750 0.056364
324 0.714750 0.057619
325 0.715125 0.059010
326 0.716250 0.059121
327 0.715000 0.060389
328 0.715875 0.060618
329 0.716250 0.059332
330 0.715500 0.059821
331 0.715875 0.060152
332 0.715750 0.060997
333 0.715375 0.060927
334 0.714875 0.060974
335 0.714750 0.060606
336 0.714625 0.059321
337 0.713875 0.058787
338 0.714250 0.059346
339 0.714500 0.059417
340 0.715250 0.059728
341 0.714375 0.059932
342 0.715125 0.059379
343 0.715125 0.059668
344 0.715875 0.059183
345 0.716500 0.059684
346 0.717125 0.060277
347 0.716250 0.060763
348 0.716500 0.061158
349 0.715875 0.060126
350 0.713875 0.060127
351 0.713625 0.060314
352 0.714000 0.060681
353 0.713375 0.060731
354 0.713000 0.061920
355 0.711625 0.062080
356 0.710625 0.061042
357 0.710500 0.061561
358 0.709875 0.061652
359 0.709875 0.061194
360 0.710375 0.061341
361 0.708750 0.061428
362 0.708500 0.061234
363 0.708375 0.061111
364 0.709000 0.060469
365 0.709000 0.060881
366 0.707750 0.061257
367 0.710000 0.060879
368 0.709000 0.061924
369 0.708500 0.062672
370 0.706375 0.063233
371 0.707000 0.063500
372 0.706500 0.063823
373 0.706625 0.063059
374 0.706250 0.062537
375 0.704500 0.061530
376 0.704250 0.063053
377 0.703375 0.062596
378 0.704250 0.063743
379 0.704500 0.064044
380 0.705250 0.064328
381 0.705375 0.064330
382 0.705000 0.062650
383 0.703375 0.061742
384 0.703875 0.060768
385 0.702875 0.060721
386 0.703375 0.060978
387 0.702875 0.060230
388 0.702625 0.061168
389 0.701000 0.060742
390 0.699500 0.060645
391 0.699250 0.059708
392 0.699625 0.059934
393 0.699250 0.060874
394 0.698375 0.060432
395 0.698125 0.062459
396 0.699750 0.061644
397 0.700250 0.062499
398 0.699000 0.061025
399 0.697875 0.060313
400 0.697875 0.059347
401 0.698000 0.059522
402 0.697250 0.060249
403 0.697500 0.060930
404 0.699750 0.061568
405 0.700000 0.062450
406 0.700250 0.063639
407 0.699625 0.063331
408 0.699625 0.062885
409 0.699625 0.063553
410 0.698500 0.062856
411 0.698250 0.063812
412 0.698500 0.062980
413 0.697875 0.063370
414 0.698250 0.064904
415 0.697625 0.063926
416 0.697500 0.063590
417 0.696500 0.063984
418 0.695875 0.063641
419 0.696000 0.063489
420 0.695125 0.062896
421 0.694375 0.063501
422 0.692625 0.063911
423 0.691625 0.064857
424 0.692625 0.065791
425 0.692000 0.065037
426 0.692875 0.064184
427 0.694000 0.063945
428 0.693750 0.063799
429 0.695875 0.062875
430 0.695125 0.062497
431 0.695500 0.061251
432 0.695250 0.062169
433 0.695625 0.063205
434 0.695250 0.063265
435 0.695000 0.062973
436 0.695625 0.062684
437 0.694500 0.062956
438 0.693875 0.061530
439 0.693750 0.061428
440 0.695250 0.061562
441 0.693625 0.060402
442 0.694250 0.060555
443 0.694250 0.060864
444 0.694375 0.061196
445 0.694375 0.061527
446 0.693750 0.061122
447 0.695000 0.060879
448 0.694250 0.059724
449 0.694375 0.061221
450 0.694875 0.061061
451 0.694875 0.061418
452 0.695125 0.061945
453 0.695000 0.060699
454 0.694625 0.059955
455 0.695375 0.060406
456 0.695750 0.060833
457 0.696500 0.061290
458 0.697125 0.060308
459 0.697625 0.060948
460 0.697500 0.062500
461 0.698375 0.062491
462 0.698250 0.061619
463 0.697250 0.062589
464 0.696625 0.063044
465 0.696875 0.062858
466 0.697125 0.061055
467 0.697875 0.060157
468 0.697375 0.060008
469 0.698000 0.059417
470 0.697250 0.060145
471 0.698250 0.060674
472 0.697750 0.059880
473 0.697875 0.060027
474 0.697000 0.060933
475 0.696875 0.060734
476 0.697125 0.060048
477 0.696375 0.060938
478 0.697125 0.061208
479 0.697750 0.060683
480 0.697500 0.061695
481 0.697000 0.062353
482 0.697375 0.062432
483 0.697250 0.061735
484 0.696625 0.063685
485 0.697625 0.062542
486 0.698750 0.061326
487 0.699500 0.060903
488 0.701125 0.059479
489 0.700250 0.059292
490 0.700500 0.060206
491 0.701000 0.060768
492 0.701000 0.060044
493 0.702375 0.059626
494 0.702125 0.058231
495 0.701250 0.058001
496 0.701250 0.058644
497 0.699125 0.058903
498 0.700500 0.058414
499 0.701000 0.057600
500 0.700250 0.056871
501 0.700750 0.056064
502 0.700000 0.055902
503 0.699125 0.056382
504 0.698375 0.056917
505 0.698750 0.056885
506 0.698000 0.056395
507 0.698375 0.056559
508 0.698000 0.057438
509 0.698500 0.059247
510 0.696500 0.059636
511 0.694250 0.058481
512 0.694250 0.058481
513 0.693375 0.058188
514 0.692250 0.059471
515 0.692875 0.058797
516 0.692375 0.057714
517 0.691875 0.057673
518 0.692125 0.058220
519 0.689875 0.059311
520 0.690875 0.059761
521 0.691875 0.059853
522 0.692750 0.058848
523 0.693500 0.058376
524 0.693625 0.059279
525 0.693000 0.060008
526 0.692000 0.060221
527 0.691125 0.059903
528 0.691000 0.060236
529 0.690875 0.060411
530 0.690000 0.060596
531 0.690625 0.060528
532 0.691000 0.058872
533 0.690875 0.059447
534 0.689750 0.060812
535 0.688625 0.062277
536 0.689125 0.062940
537 0.689000 0.062781
538 0.688750 0.062861
539 0.688000 0.063194
540 0.688250 0.062044
541 0.689625 0.060983
542 0.689000 0.061727
543 0.689500 0.061102
544 0.690250 0.061861
545 0.691375 0.061611
546 0.691750 0.061650
547 0.691500 0.062572
548 0.691125 0.063203
549 0.690500 0.062752
550 0.693000 0.061652
551 0.694500 0.061551
552 0.693875 0.061555
553 0.695125 0.060671
554 0.695375 0.059651
555 0.696625 0.059447
556 0.697125 0.059526
557 0.696375 0.059142
558 0.695875 0.058257
559 0.695750 0.058074
560 0.695750 0.058422
561 0.695875 0.058311
562 0.695875 0.058765
563 0.694875 0.060236
564 0.696000 0.061616
565 0.696875 0.062309
566 0.696750 0.062215
567 0.696375 0.061753
568 0.695125 0.061362
569 0.694875 0.061672
570 0.695625 0.062484
571 0.695375 0.062666
572 0.694250 0.062785
573 0.695125 0.063809
574 0.695125 0.063243
575 0.694875 0.062051
576 0.695875 0.062276
577 0.695625 0.061856
578 0.695000 0.062899
579 0.696125 0.063657
580 0.696500 0.063642
581 0.695500 0.062887
582 0.696125 0.063065
583 0.696375 0.064160
584 0.696000 0.064587
585 0.696125 0.065328
586 0.696500 0.065457
587 0.695250 0.064585
588 0.695250 0.064802
589 0.695625 0.063600
590 0.694500 0.062683
591 0.694375 0.063624
592 0.695000 0.064129
593 0.695000 0.063885
594 0.695500 0.064312
595 0.695000 0.065072
596 0.694625 0.064402
597 0.694500 0.064185
598 0.694375 0.064089
599 0.694250 0.064139
600 0.693875 0.063504
601 0.695750 0.063596
602 0.695500 0.063922
603 0.696750 0.062640
604 0.697500 0.062824
605 0.697000 0.061698
606 0.698625 0.063784
607 0.697000 0.063667
608 0.695000 0.063443
609 0.694125 0.064164
610 0.694375 0.064696
611 0.694500 0.063892
612 0.695125 0.062447
613 0.695000 0.061897
614 0.695375 0.061126
615 0.693125 0.060683
616 0.692500 0.060699
617 0.693125 0.060218
618 0.694250 0.061426
619 0.694625 0.061676
620 0.694250 0.062059
621 0.694625 0.061979
622 0.695625 0.063057
623 0.697625 0.061510
624 0.697625 0.060304
625 0.696500 0.059347
626 0.696375 0.060835
627 0.697000 0.061368
628 0.697250 0.061379
629 0.696500 0.061773
630 0.696125 0.061763
631 0.696375 0.062131
632 0.696875 0.062184
633 0.697125 0.062596
634 0.697250 0.063727
635 0.696875 0.064114
636 0.696750 0.063753
637 0.696625 0.062621
638 0.696625 0.061412
639 0.695000 0.061135
640 0.693875 0.060994
641 0.694250 0.060271
642 0.693500 0.059960
643 0.693250 0.058774
644 0.693250 0.058774
645 0.694250 0.060504
646 0.693875 0.060247
647 0.694875 0.061443
648 0.693875 0.060969
649 0.694125 0.061934
650 0.693500 0.061707
651 0.693875 0.063060
652 0.693625 0.063134
653 0.693875 0.063921
654 0.694875 0.064155
655 0.694750 0.064956
656 0.695000 0.065883
657 0.694000 0.066673
658 0.694750 0.066148
659 0.695375 0.066112
660 0.696625 0.066470
661 0.696625 0.065833
662 0.696750 0.065637
663 0.696875 0.064865
664 0.697125 0.064732
665 0.697875 0.063148
666 0.697500 0.063122
667 0.696625 0.062296
668 0.696375 0.063622
669 0.694750 0.063619
670 0.694500 0.064549
671 0.694000 0.065490
672 0.693625 0.066037
673 0.693375 0.066555
674 0.693000 0.066057
675 0.693125 0.067416
676 0.691875 0.067300
677 0.692000 0.066580
678 0.693125 0.067462
679 0.691750 0.067551
680 0.691500 0.067982
681 0.692125 0.067538
682 0.691500 0.067913
683 0.691625 0.068581
684 0.691000 0.068239
685 0.690000 0.068168
686 0.690125 0.068495
687 0.688625 0.067664
688 0.690000 0.067315
689 0.691125 0.067599
690 0.691875 0.066200
691 0.693125 0.065963
692 0.693000 0.064015
693 0.692750 0.064036
694 0.693250 0.062310
695 0.693375 0.061656
696 0.694250 0.061350
697 0.695000 0.060596
698 0.696250 0.061352
699 0.695250 0.060899
700 0.694000 0.062262
701 0.693750 0.062637
702 0.693750 0.062936
703 0.694750 0.063497
704 0.693875 0.063282
705 0.692875 0.063548
706 0.693375 0.061984
707 0.693250 0.062360
708 0.694125 0.063822
709 0.694125 0.064432
710 0.693750 0.064530
711 0.693875 0.064457
712 0.694500 0.064791
713 0.694500 0.065295
714 0.694000 0.065084
715 0.695750 0.064280
716 0.696250 0.063848
717 0.696500 0.062427
718 0.695875 0.060906
719 0.696500 0.061697
720 0.697000 0.062328
721 0.696625 0.061615
722 0.697125 0.062296
723 0.697750 0.061932
724 0.698625 0.062422
725 0.697125 0.063193
726 0.698375 0.062591
727 0.697500 0.062325
728 0.698125 0.061552
729 0.697500 0.061517
730 0.697500 0.061365
731 0.697125 0.061919
732 0.698250 0.061948
733 0.700000 0.062124
734 0.700625 0.062784
735 0.699250 0.061284
736 0.699000 0.062567
737 0.699500 0.063145
738 0.699250 0.062720
739 0.698750 0.063676
740 0.698875 0.062477
741 0.698375 0.063336
742 0.698500 0.063327
743 0.699875 0.063159
744 0.700250 0.063393
745 0.699625 0.063158
746 0.699000 0.063828
747 0.698875 0.063789
748 0.698875 0.063371
749 0.700125 0.063725
750 0.699250 0.063954
751 0.699375 0.063526
752 0.699750 0.064686
753 0.699875 0.064408
754 0.699500 0.063907
755 0.699250 0.064513
756 0.696875 0.065987
757 0.696125 0.065615
758 0.695875 0.064760
759 0.695875 0.063984
760 0.696000 0.063759
761 0.695750 0.063670
762 0.696500 0.062876
763 0.696250 0.063233
764 0.694875 0.062377
765 0.694375 0.062734
766 0.694000 0.064722
767 0.692375 0.065213
768 0.693750 0.064771
769 0.694875 0.065314
770 0.694250 0.065964
771 0.693875 0.066132
772 0.693125 0.065249
773 0.693375 0.065633
774 0.693875 0.065776
775 0.693500 0.065990
776 0.692125 0.066112
777 0.692125 0.065351
778 0.692500 0.065598
779 0.691750 0.065722
780 0.690375 0.065809
781 0.690875 0.067450
782 0.689750 0.066176
783 0.691750 0.067782
784 0.691750 0.067782
785 0.692250 0.069277
786 0.693250 0.069246
787 0.692750 0.069691
788 0.692250 0.069502
789 0.691750 0.068562
790 0.691625 0.067501
791 0.691875 0.067578
792 0.691625 0.067571
793 0.693125 0.067924
794 0.693625 0.067950
795 0.693875 0.066837
796 0.694500 0.066199
797 0.694375 0.066741
798 0.693875 0.066462
799 0.693750 0.067070
800 0.694250 0.066882
801 0.694250 0.066882
802 0.693750 0.065800
803 0.694875 0.067410
804 0.694500 0.066973
805 0.693875 0.066954
806 0.693750 0.066720
807 0.693250 0.067231
808 0.692750 0.068011
809 0.692375 0.067428
810 0.692000 0.066720
811 0.691000 0.066757
812 0.691500 0.065452
813 0.692000 0.065682
814 0.691875 0.066881
815 0.692125 0.068935
816 0.691875 0.070253
817 0.690875 0.070375
818 0.691125 0.069671
819 0.691625 0.070601
820 0.691875 0.070342
821 0.690750 0.070192
822 0.691250 0.070545
823 0.690625 0.070895
824 0.690375 0.070685
825 0.688500 0.070836
826 0.690000 0.069530
827 0.691125 0.068586
828 0.690500 0.068125
829 0.691250 0.067743
830 0.692125 0.068022
831 0.692375 0.067890
832 0.692625 0.066711
833 0.692875 0.066550
834 0.692500 0.067175
835 0.692625 0.067825
836 0.692375 0.068326
837 0.693250 0.068930
838 0.693500 0.068840
839 0.692875 0.070095
840 0.692250 0.069906
841 0.692125 0.069342
842 0.693000 0.068678
843 0.694000 0.068727
844 0.693125 0.068565
845 0.691500 0.069212
846 0.691500 0.068119
847 0.691750 0.068310
848 0.691000 0.067894
849 0.690000 0.069350
850 0.690250 0.069633
851 0.690625 0.068200
852 0.690375 0.069053
853 0.690250 0.069363
854 0.689250 0.068260
855 0.690250 0.066932
856 0.690625 0.067370
857 0.690250 0.067906
858 0.690500 0.067178
859 0.691625 0.067176
860 0.691000 0.066004
861 0.690625 0.065512
862 0.690375 0.065093
863 0.691375 0.064607
864 0.690375 0.065998
865 0.691000 0.066311
866 0.690500 0.066617
867 0.690125 0.065629
868 0.689250 0.064081
869 0.689000 0.064111
870 0.689000 0.064669
871 0.689125 0.064678
872 0.689875 0.064073
873 0.690000 0.065788
874 0.689625 0.065885
875 0.690625 0.065464
876 0.690500 0.066170
877 0.689750 0.066271
878 0.689750 0.066058
879 0.688250 0.066540
880 0.688375 0.067135
881 0.687250 0.067082
882 0.686750 0.066021
883 0.687125 0.064818
884 0.685875 0.064315
885 0.686875 0.064114
886 0.686125 0.063955
887 0.685750 0.064056
888 0.686875 0.063796
889 0.686875 0.063551
890 0.688375 0.063670
891 0.690125 0.063769
892 0.691875 0.064551
893 0.691500 0.064175
894 0.691125 0.063327
895 0.691500 0.063465
896 0.691875 0.062384
897 0.691500 0.062871
898 0.691500 0.062196
899 0.691750 0.062830
900 0.691875 0.063082
901 0.691625 0.063395
902 0.692250 0.064609
903 0.692875 0.065030
904 0.692000 0.065943
905 0.692250 0.065736
906 0.692625 0.065050
907 0.693625 0.064843
908 0.693875 0.064771
909 0.693125 0.064696
910 0.692875 0.064717
911 0.693500 0.065705
912 0.693500 0.063896
913 0.693250 0.063108
914 0.693500 0.063994
915 0.692750 0.063447
916 0.692125 0.062915
917 0.692000 0.063750
918 0.692500 0.063270
919 0.692875 0.062656
920 0.691875 0.063649
921 0.692375 0.063119
922 0.692625 0.063025
923 0.693000 0.063844
924 0.692250 0.064367
925 0.692000 0.064312
926 0.692000 0.062986
927 0.692875 0.062030
928 0.693500 0.061377
929 0.692750 0.061216
930 0.692375 0.062697
931 0.692250 0.062844
932 0.692250 0.063191
933 0.692375 0.062372
934 0.692750 0.062429
935 0.692125 0.061279
936 0.692625 0.060650
937 0.691875 0.061349
938 0.690625 0.061831
939 0.690250 0.061987
940 0.691500 0.061995
941 0.691000 0.061849
942 0.690750 0.061176
943 0.692250 0.060072
944 0.693500 0.060376
945 0.692125 0.059178
946 0.692375 0.057903
947 0.690750 0.056530
948 0.691750 0.057939
949 0.692125 0.057300
950 0.691625 0.057556
951 0.692000 0.057704
952 0.690625 0.057646
953 0.691000 0.057421
954 0.691750 0.057042
955 0.691250 0.057947
956 0.691625 0.058338
957 0.690625 0.059303
958 0.689875 0.059914
959 0.690000 0.061007
960 0.690500 0.060728
961 0.689500 0.061128
962 0.689750 0.059487
963 0.691375 0.059021
964 0.691875 0.060062
965 0.691500 0.059710
966 0.691750 0.059351
967 0.690750 0.059441
968 0.690375 0.058866
969 0.690750 0.057869
970 0.690125 0.057208
971 0.688125 0.057808
972 0.689000 0.057263
973 0.689750 0.057374
974 0.688125 0.057074
975 0.689750 0.058212
976 0.689125 0.058648
977 0.688250 0.058492
978 0.688875 0.058547
979 0.690125 0.058824
980 0.688875 0.057795
981 0.688875 0.057061
982 0.689125 0.057653
983 0.688875 0.058893
984 0.689500 0.058596
985 0.690125 0.058957
986 0.689625 0.059871
987 0.689250 0.059948
988 0.691000 0.058951
989 0.691500 0.057903
990 0.692500 0.058443
991 0.692250 0.058890
992 0.693500 0.059279
993 0.693625 0.058563
994 0.692875 0.057697
995 0.693125 0.057320
996 0.691375 0.056615
997 0.691625 0.055679
998 0.692375 0.056122
999 0.692250 0.055390
1000 0.692375 0.057170
1001 0.692750 0.056352
1002 0.692625 0.056433
1003 0.692750 0.055062
1004 0.692625 0.056072
1005 0.693250 0.056387
1006 0.693125 0.056413
1007 0.693500 0.056747
1008 0.693875 0.056305
1009 0.694250 0.056248
1010 0.695000 0.056125
1011 0.693750 0.057432
1012 0.694000 0.057323
1013 0.692750 0.058528
1014 0.693000 0.058372
1015 0.693750 0.058108
1016 0.693000 0.059090
1017 0.692500 0.058896
1018 0.692625 0.059401
1019 0.691875 0.060477
1020 0.690500 0.061291
1021 0.691375 0.061510
1022 0.691875 0.062007
1023 0.692375 0.062222
1024 0.691375 0.062717
1025 0.692875 0.062880
1026 0.693250 0.062310
1027 0.694375 0.062334
1028 0.694250 0.062134
1029 0.693625 0.062387
1030 0.693625 0.062961
1031 0.692750 0.062579
1032 0.693750 0.062612
1033 0.693500 0.061402
1034 0.694250 0.061248
1035 0.694125 0.059751
1036 0.695375 0.058085
1037 0.695625 0.057374
1038 0.694750 0.056546
1039 0.694750 0.056931
1040 0.694250 0.057430
1041 0.694750 0.056269
1042 0.695500 0.056913
1043 0.696000 0.055982
1044 0.694625 0.056520
1045 0.693375 0.056110
1046 0.694875 0.056599
1047 0.694125 0.056332
1048 0.693500 0.056222
1049 0.693125 0.056634
1050 0.693000 0.055518
1051 0.692750 0.055204
1052 0.692875 0.055937
1053 0.693250 0.055069
1054 0.694125 0.055240
1055 0.695625 0.056385
1056 0.696875 0.054868
1057 0.695625 0.054669
1058 0.695875 0.054056
1059 0.696375 0.053686
1060 0.694375 0.054669
1061 0.694500 0.055855
1062 0.695125 0.054940
1063 0.694625 0.054379
1064 0.694250 0.055012
1065 0.695375 0.054476
1066 0.694125 0.055831
1067 0.693500 0.055607
1068 0.693125 0.055520
1069 0.692750 0.055655
1070 0.692875 0.054665
1071 0.692500 0.054170
1072 0.692000 0.054214
1073 0.690625 0.054583
1074 0.691625 0.055087
1075 0.693125 0.055435
1076 0.693500 0.055999
1077 0.692875 0.056354
1078 0.693250 0.057375
1079 0.693125 0.056107
1080 0.694250 0.056276
1081 0.694125 0.056249
1082 0.693500 0.054871
1083 0.693750 0.055071
1084 0.695000 0.056125
1085 0.694250 0.056911
1086 0.693875 0.057812
1087 0.694625 0.058263
1088 0.694375 0.057700
1089 0.694000 0.057838
1090 0.694625 0.058048
1091 0.695875 0.057854
1092 0.696875 0.057889
1093 0.698625 0.057551
1094 0.698125 0.057673
1095 0.698375 0.058112
1096 0.697875 0.058632
1097 0.699125 0.057616
1098 0.698125 0.058266
1099 0.699250 0.058705
1100 0.699875 0.059147
1101 0.699375 0.059171
1102 0.699250 0.060229
1103 0.698750 0.059883
1104 0.698375 0.060355
1105 0.699750 0.060156
1106 0.700875 0.062231
1107 0.700875 0.062181
1108 0.699500 0.063834
1109 0.698625 0.063169
1110 0.698125 0.062459
1111 0.697500 0.063958
1112 0.697500 0.062948
1113 0.697875 0.062925
1114 0.696875 0.064089
1115 0.697250 0.063825
1116 0.697250 0.065254
1117 0.697375 0.065677
1118 0.699125 0.065984
1119 0.700125 0.065729
1120 0.700750 0.065331
1121 0.701375 0.066354
1122 0.701125 0.066570
1123 0.702375 0.067238
1124 0.701375 0.066236
1125 0.701875 0.065249
1126 0.701250 0.064408
1127 0.702375 0.064389
1128 0.701125 0.065170
1129 0.700500 0.064419
1130 0.702000 0.064921
1131 0.701125 0.065767
1132 0.701250 0.066579
1133 0.700000 0.067685
1134 0.700000 0.068397
1135 0.700750 0.068552
1136 0.700875 0.068858
1137 0.700750 0.068598
1138 0.700250 0.067615
1139 0.700500 0.068028
1140 0.700250 0.068784
1141 0.700125 0.068773
1142 0.699875 0.068294
1143 0.699625 0.067811
1144 0.699375 0.067439
1145 0.700125 0.066860
1146 0.700500 0.066870
1147 0.701250 0.066954
1148 0.701125 0.066593
1149 0.701000 0.066818
1150 0.702625 0.066504
1151 0.702625 0.066127
1152 0.700875 0.066550
1153 0.699875 0.067117
1154 0.699375 0.067509
1155 0.699625 0.066906
1156 0.698375 0.065804
1157 0.697500 0.065955
1158 0.698875 0.065194
1159 0.699375 0.065081
1160 0.699875 0.066203
1161 0.699125 0.065054
1162 0.698125 0.065009
1163 0.697000 0.065362
1164 0.697250 0.065206
1165 0.696500 0.066499
1166 0.696125 0.065710
1167 0.696750 0.065015
1168 0.696250 0.064019
1169 0.696500 0.064954
1170 0.695625 0.065153
1171 0.694500 0.065176
1172 0.695125 0.065548
1173 0.695625 0.065440
1174 0.696125 0.064945
1175 0.697000 0.063814
1176 0.698000 0.063927
1177 0.697625 0.063706
1178 0.697250 0.065086
1179 0.698500 0.064862
1180 0.698750 0.064747
1181 0.699375 0.064768
1182 0.699625 0.065179
1183 0.699750 0.064420
1184 0.698750 0.063775
1185 0.698500 0.064573
1186 0.698250 0.064494
1187 0.699125 0.065270
1188 0.700375 0.066013
1189 0.700000 0.064928
1190 0.700125 0.063946
1191 0.698625 0.065381
1192 0.698125 0.065726
1193 0.698750 0.065848
1194 0.698500 0.064694
1195 0.698625 0.064563
1196 0.697750 0.064865
1197 0.697375 0.065819
1198 0.697000 0.064302
1199 0.695750 0.064644
1200 0.695250 0.064318
1201 0.694375 0.064551
1202 0.694000 0.063159
1203 0.694375 0.063082
1204 0.695500 0.062887
1205 0.694875 0.062577
1206 0.694375 0.062133
1207 0.694125 0.061503
1208 0.695125 0.062447
1209 0.695250 0.062319
1210 0.694000 0.063356
1211 0.695625 0.064502
1212 0.696250 0.066790
1213 0.696250 0.067187
1214 0.696375 0.067738
1215 0.696000 0.067219
1216 0.695500 0.068841
1217 0.694250 0.068406
1218 0.692375 0.067289
1219 0.691875 0.066412
1220 0.692000 0.065611
1221 0.692750 0.064182
1222 0.692250 0.065783
1223 0.691125 0.065247
1224 0.691750 0.066149
1225 0.691125 0.066009
1226 0.691250 0.065395
1227 0.691125 0.065414
1228 0.689875 0.064993
1229 0.689500 0.065209
1230 0.688625 0.065218
1231 0.688625 0.062777
1232 0.689500 0.064098
1233 0.690250 0.064604
1234 0.691125 0.063794
1235 0.691875 0.064089
1236 0.691625 0.064081
1237 0.692000 0.063060
1238 0.692625 0.063124
1239 0.693250 0.064479
1240 0.693250 0.065082
1241 0.693250 0.064914
1242 0.693750 0.065491
1243 0.694625 0.065557
1244 0.694500 0.065701
1245 0.695250 0.065211
1246 0.694500 0.065248
1247 0.694750 0.064133
1248 0.695500 0.064093
1249 0.694250 0.063625
1250 0.694125 0.062761
1251 0.692750 0.062329
1252 0.692125 0.062616
1253 0.692000 0.063677
1254 0.690750 0.063261
1255 0.690250 0.064556
1256 0.689875 0.064872
1257 0.689625 0.065217
1258 0.689750 0.064575
1259 0.690125 0.063549
1260 0.688750 0.062187
1261 0.688250 0.061943
1262 0.688250 0.062069
1263 0.689500 0.063090
1264 0.689750 0.062634
1265 0.690875 0.063193
1266 0.692000 0.063480
1267 0.691250 0.063872
1268 0.691125 0.063030
1269 0.691375 0.063114
1270 0.691000 0.061290
1271 0.690375 0.063094
1272 0.690875 0.062020
1273 0.690500 0.062177
1274 0.689750 0.062509
1275 0.690625 0.062284
1276 0.689500 0.061865
1277 0.688875 0.062071
1278 0.688375 0.061397
1279 0.688625 0.061748
1280 0.688875 0.061641
1281 0.688750 0.062812
1282 0.689750 0.062858
1283 0.688500 0.063386
1284 0.688250 0.064076
1285 0.688500 0.064437
1286 0.688375 0.063817
1287 0.688500 0.063460
1288 0.688375 0.063621
1289 0.688750 0.063208
1290 0.688875 0.063169
1291 0.689250 0.062750
1292 0.689875 0.063435
1293 0.689750 0.063575
1294 0.688875 0.064175
1295 0.688625 0.062901
1296 0.688750 0.063381
1297 0.688750 0.064238
1298 0.687000 0.063318
1299 0.687375 0.062762
1300 0.686250 0.063357
1301 0.686625 0.062606
1302 0.685625 0.062484
1303 0.686125 0.062672
1304 0.688625 0.061773
1305 0.689750 0.062509
1306 0.687750 0.061364
1307 0.687875 0.059986
1308 0.687750 0.061160
1309 0.687125 0.061147
1310 0.687750 0.060904
1311 0.686500 0.059992
1312 0.686125 0.061311
1313 0.686375 0.061874
1314 0.686250 0.061020
1315 0.686000 0.061372
1316 0.684875 0.060732
1317 0.685500 0.060253
1318 0.686375 0.061950
1319 0.686500 0.062517
1320 0.687250 0.063072
1321 0.686500 0.061990
1322 0.686250 0.062787
1323 0.687625 0.061122
1324 0.689375 0.060786
1325 0.690625 0.060425
1326 0.691250 0.061910
1327 0.693125 0.063551
1328 0.692375 0.063144
1329 0.693000 0.064283
1330 0.694000 0.063627
1331 0.693375 0.062311
1332 0.692750 0.062854
1333 0.692875 0.063817
1334 0.693875 0.062487
1335 0.693125 0.061831
1336 0.693000 0.063623
1337 0.692375 0.063955
1338 0.693250 0.063008
1339 0.693500 0.063774
1340 0.694375 0.064527
1341 0.694750 0.064328
1342 0.695625 0.065033
1343 0.696250 0.063970
1344 0.695875 0.065265
1345 0.696000 0.065691
1346 0.695000 0.066191
1347 0.696250 0.065848
1348 0.696250 0.066485
1349 0.695625 0.065488
1350 0.696625 0.065021
1351 0.696750 0.066206
1352 0.696750 0.066206
1353 0.695500 0.065872
1354 0.695500 0.065753
1355 0.695500 0.067094
1356 0.694125 0.066719
1357 0.693625 0.067280
1358 0.694625 0.067228
1359 0.693250 0.066295
1360 0.694000 0.066860
1361 0.694625 0.066527
1362 0.695000 0.065551
1363 0.694750 0.065531
1364 0.693375 0.065633
1365 0.692875 0.065889
1366 0.693875 0.065943
1367 0.693750 0.066108
1368 0.692750 0.066689
1369 0.694000 0.068772
1370 0.694375 0.065940
1371 0.696500 0.066240
1372 0.695375 0.066770
1373 0.695500 0.066884
1374 0.695250 0.067449
1375 0.694875 0.066004
1376 0.693625 0.066085
1377 0.694500 0.066009
1378 0.695375 0.065828
1379 0.696000 0.066588
1380 0.696625 0.066258
1381 0.695875 0.067200
1382 0.696250 0.067465
1383 0.695625 0.067970
1384 0.696500 0.068444
1385 0.696000 0.069212
1386 0.697625 0.068481
1387 0.696250 0.067696
1388 0.696000 0.066518
1389 0.697125 0.065975
1390 0.697250 0.066299
1391 0.697625 0.064607
1392 0.696250 0.064433
1393 0.697125 0.064683
1394 0.697375 0.064258
1395 0.698625 0.065022
1396 0.698750 0.066014
1397 0.698625 0.066916
1398 0.698625 0.066518
1399 0.697750 0.066483
1400 0.697750 0.066974
1401 0.697125 0.066611
1402 0.698250 0.065264
1403 0.696125 0.065448
1404 0.695000 0.065360
1405 0.694875 0.064858
1406 0.694750 0.064570
1407 0.695125 0.063268
1408 0.693250 0.063919
1409 0.693375 0.064746
1410 0.692625 0.064034
1411 0.691250 0.062362
1412 0.691625 0.061442
1413 0.689875 0.061127
1414 0.689375 0.060580
1415 0.688625 0.061899
1416 0.688000 0.061971
1417 0.687250 0.062374
1418 0.688000 0.062423
1419 0.688500 0.062791
1420 0.687875 0.062761
1421 0.687375 0.062637
1422 0.687250 0.061568
1423 0.687750 0.062499
1424 0.686875 0.060940
1425 0.687750 0.061770
1426 0.688125 0.060709
1427 0.687750 0.060853
1428 0.689250 0.059713
1429 0.689250 0.060183
1430 0.690000 0.060493
1431 0.689625 0.061239
1432 0.688875 0.061209
1433 0.690500 0.060985
1434 0.689625 0.059347
1435 0.690375 0.060308
1436 0.690750 0.060224
1437 0.691125 0.061449
1438 0.692000 0.061302
1439 0.692750 0.060368
1440 0.693250 0.061781
1441 0.692125 0.061711
1442 0.692500 0.062948
1443 0.693000 0.061449
1444 0.692000 0.061302
1445 0.694250 0.060374
1446 0.694000 0.059934
1447 0.693875 0.059174
1448 0.693625 0.058537
1449 0.694750 0.059718
1450 0.695500 0.060558
1451 0.696375 0.061728
1452 0.695375 0.061509
1453 0.693875 0.061657
1454 0.695375 0.061305
1455 0.694750 0.061267
1456 0.695125 0.060774
1457 0.694875 0.060521
1458 0.694250 0.061426
1459 0.693125 0.062908
1460 0.692500 0.060673
1461 0.692500 0.061517
1462 0.692625 0.061010
1463 0.692250 0.060925
1464 0.690875 0.060978
1465 0.690875 0.059709
1466 0.690500 0.058660
1467 0.691625 0.059399
1468 0.691625 0.058418
1469 0.692250 0.057249
1470 0.692750 0.057613
1471 0.693625 0.058242
1472 0.694625 0.057371
1473 0.693625 0.059068
1474 0.692375 0.058146
1475 0.693500 0.057811
1476 0.692750 0.058954
1477 0.693250 0.059251
1478 0.691750 0.059928
1479 0.692000 0.059674
1480 0.690750 0.060250
1481 0.691000 0.061545
1482 0.691500 0.060438
1483 0.691125 0.059590
1484 0.692500 0.059687
1485 0.692375 0.059945
1486 0.693000 0.059800
1487 0.693625 0.059752
1488 0.693000 0.059930
1489 0.694250 0.060838
1490 0.693125 0.060036
1491 0.691375 0.059940
1492 0.693125 0.060709
1493 0.693750 0.062061
1494 0.695125 0.063119
1495 0.695000 0.064056
1496 0.694750 0.063938
1497 0.695125 0.063440
1498 0.695125 0.063243
1499 0.695000 0.062600
1500 0.695500 0.062513
1501 0.696375 0.062557
1502 0.695750 0.062879
1503 0.695625 0.062958
1504 0.696000 0.063317
1505 0.696000 0.062397
1506 0.695500 0.062011
1507 0.695250 0.061613
1508 0.695875 0.063420
1509 0.695500 0.063283
1510 0.695375 0.061458
1511 0.695750 0.061421
1512 0.697000 0.062026
1513 0.696000 0.061894
1514 0.696250 0.061377
1515 0.696000 0.060464
1516 0.697000 0.059925
1517 0.696500 0.059950
1518 0.695750 0.059114
1519 0.695625 0.058480
1520 0.696375 0.057887
1521 0.697375 0.056161
1522 0.697250 0.057597
1523 0.698000 0.057601
1524 0.698125 0.056744
1525 0.699375 0.056358
1526 0.700500 0.056952
1527 0.700625 0.057970
1528 0.701125 0.059110
1529 0.701000 0.059020
1530 0.700125 0.058856
1531 0.699250 0.058865
1532 0.699000 0.058595
1533 0.699125 0.059902
1534 0.700125 0.060013
1535 0.699750 0.059791
1536 0.699125 0.060783
1537 0.698500 0.060758
1538 0.698750 0.061046
1539 0.699000 0.061433
1540 0.698625 0.060309
1541 0.698125 0.060244
1542 0.698250 0.060312
1543 0.700000 0.061288
1544 0.700375 0.061681
1545 0.699625 0.062060
1546 0.699375 0.062359
1547 0.699000 0.061788
1548 0.698250 0.063787
1549 0.697750 0.061881
1550 0.698500 0.062507
1551 0.698375 0.061737
1552 0.699000 0.062015
1553 0.698875 0.063494
1554 0.698875 0.063691
1555 0.697250 0.064410
1556 0.697000 0.064569
1557 0.696125 0.063804
1558 0.695125 0.063882
1559 0.695375 0.064096
1560 0.694125 0.065275
1561 0.695000 0.065240
1562 0.695375 0.066371
1563 0.694875 0.065122
1564 0.695500 0.064988
1565 0.694500 0.065224
1566 0.693375 0.066060
1567 0.693625 0.065562
1568 0.693625 0.064068
1569 0.692750 0.065507
1570 0.693750 0.065372
1571 0.693500 0.064553
1572 0.694375 0.064235
1573 0.693500 0.064359
1574 0.693000 0.064355
1575 0.692750 0.063889
1576 0.692375 0.063514
1577 0.691500 0.062921
1578 0.690500 0.061925
1579 0.691875 0.060321
1580 0.692250 0.059287
1581 0.693250 0.059225
1582 0.694750 0.060109
1583 0.694750 0.059900
1584 0.695125 0.059553
1585 0.695875 0.057773
1586 0.696000 0.056841
1587 0.697375 0.057044
1588 0.697750 0.057565
1589 0.696375 0.057126
1590 0.695000 0.058497
1591 0.695125 0.059632
1592 0.695500 0.061352
1593 0.695000 0.061466
1594 0.694500 0.061930
1595 0.694750 0.062454
1596 0.694750 0.062028
1597 0.694375 0.063452
1598 0.694125 0.061984
1599 0.694125 0.062386
