0 1.000000 0.000000
1 0.993250 0.011099
2 0.985250 0.016991
3 0.978000 0.021875
4 0.970500 0.026072
5 0.964000 0.028574
6 0.955750 0.030995
7 0.949500 0.033162
8 0.944750 0.035584
9 0.936000 0.038295
10 0.931500 0.039310
11 0.925750 0.041148
12 0.921750 0.042228
13 0.916500 0.044048
14 0.911750 0.048406
15 0.906000 0.048363
16 0.902500 0.050187
17 0.899250 0.049175
18 0.894750 0.051514
19 0.890250 0.049104
20 0.884500 0.052175
21 0.882000 0.053160
22 0.879500 0.055495
23 0.874750 0.055508
24 0.869750 0.054233
25 0.867500 0.055958
26 0.863250 0.054020
27 0.860000 0.056236
28 0.857000 0.056245
29 0.854250 0.056685
30 0.849250 0.056176
31 0.845750 0.059061
32 0.842750 0.058019
33 0.837750 0.057282
34 0.835500 0.055360
35 0.831750 0.055774
36 0.830500 0.057726
37 0.828500 0.057230
38 0.826750 0.057473
39 0.824000 0.057219
40 0.818250 0.058187
41 0.816250 0.058777
42 0.814750 0.059065
43 0.812000 0.059632
44 0.811250 0.059830
45 0.808000 0.059569
46 0.805000 0.060828
47 0.799000 0.062342
48 0.798000 0.063115
49 0.795250 0.064294
50 0.792250 0.066680
51 0.790250 0.067814
52 0.787250 0.067035
53 0.786000 0.066079
54 0.783500 0.064442
55 0.781000 0.065586
56 0.781000 0.064819
57 0.782000 0.066809
58 0.779750 0.066398
59 0.780000 0.065288
60 0.777250 0.068291
61 0.777000 0.070771
62 0.776250 0.071096
63 0.775500 0.072282
64 0.771500 0.071153
65 0.772000 0.071701
66 0.768500 0.073026
67 0.767750 0.073083
68 0.764750 0.077467
69 0.761250 0.078770
70 0.758750 0.079638
71 0.757000 0.079063
72 0.755750 0.078649
73 0.753750 0.079795
74 0.755250 0.079080
75 0.753000 0.081951
76 0.753000 0.083612
77 0.753500 0.084337
78 0.751250 0.087205
79 0.750000 0.090416
80 0.751250 0.089957
81 0.754500 0.089259
82 0.753000 0.088267
83 0.751000 0.088028
84 0.748500 0.087380
85 0.745250 0.085051
86 0.744500 0.083933
87 0.745750 0.085517
88 0.745500 0.084807
89 0.745500 0.082793
90 0.743750 0.083094
91 0.741000 0.083181
92 0.738500 0.083623
93 0.737750 0.084816
94 0.736750 0.086707
95 0.736500 0.088771
96 0.732750 0.087728
97 0.734500 0.087377
98 0.734500 0.087449
99 0.730500 0.084453
100 0.729250 0.084266
101 0.730500 0.085336
102 0.730000 0.087821
103 0.728000 0.085753
104 0.727750 0.085652
105 0.726500 0.085207
106 0.725750 0.086707
107 0.725750 0.088562
108 0.726500 0.085719
109 0.725000 0.086241
110 0.724750 0.088635
111 0.725000 0.089303
112 0.724000 0.086669
113 0.722000 0.086116
114 0.719500 0.085993
115 0.718250 0.089712
116 0.717500 0.088070
117 0.718500 0.086286
118 0.717250 0.084609
119 0.716500 0.084055
120 0.712250 0.086349
121 0.710750 0.086981
122 0.711000 0.087129
123 0.709250 0.087939
124 0.709250 0.085925
125 0.707250 0.086117
126 0.704000 0.085420
127 0.705250 0.085826
128 0.704500 0.083993
129 0.704000 0.082970
130 0.706250 0.081882
131 0.705250 0.082711
132 0.704000 0.084906
133 0.703750 0.081346
134 0.705250 0.082636
135 0.704250 0.082010
136 0.705000 0.081240
137 0.702000 0.084386
138 0.699750 0.085403
139 0.700500 0.088881
140 0.700750 0.087425
141 0.700500 0.089441
142 0.703500 0.088883
143 0.705250 0.085022
144 0.707500 0.083703
145 0.707750 0.081907
146 0.707750 0.078477
147 0.707750 0.078238
148 0.709000 0.080740
149 0.711000 0.077485
150 0.711500 0.078694
151 0.710250 0.078110
152 0.708250 0.079534
153 0.707500 0.080351
154 0.708000 0.081000
155 0.708250 0.082010
156 0.710000 0.082462
157 0.709250 0.083491
158 0.710500 0.082627
159 0.709000 0.079728
160 0.710000 0.080700
161 0.708000 0.080147
162 0.706750 0.079676
163 0.706500 0.079343
164 0.708000 0.079442
165 0.707500 0.081586
166 0.708250 0.083371
167 0.709750 0.085213
168 0.704250 0.086172
169 0.701250 0.089539
170 0.703500 0.090140
171 0.701250 0.087348
172 0.704250 0.086390
173 0.702250 0.085374
174 0.704750 0.089001
175 0.703500 0.086604
176 0.703500 0.086892
177 0.703500 0.088248
178 0.704250 0.086895
179 0.703250 0.085634
180 0.702250 0.085593
181 0.705250 0.085972
182 0.703500 0.085879
183 0.702750 0.083509
184 0.703750 0.083918
185 0.701750 0.084650
186 0.702250 0.084194
187 0.702000 0.083567
188 0.703000 0.083463
189 0.703500 0.081855
190 0.705750 0.081842
191 0.704250 0.080936
192 0.706000 0.082319
193 0.706750 0.079125
194 0.703000 0.081185
195 0.700750 0.079330
196 0.699750 0.079804
197 0.699750 0.081509
198 0.697750 0.081861
199 0.698250 0.080332
200 0.697750 0.082318
201 0.698500 0.081150
202 0.699000 0.081080
203 0.700250 0.083628
204 0.698750 0.083320
205 0.698250 0.085459
206 0.699750 0.084889
207 0.700500 0.085585
208 0.702750 0.086739
209 0.704000 0.087158
210 0.706000 0.087687
211 0.703500 0.085222
212 0.705000 0.086819
213 0.706250 0.087634
214 0.704250 0.086534
215 0.705250 0.089043
216 0.706500 0.088503
217 0.704000 0.087658
218 0.703250 0.087081
219 0.705000 0.084558
220 0.702750 0.085943
221 0.703250 0.083565
222 0.702500 0.084963
223 0.699750 0.082120
224 0.698750 0.081882
225 0.697750 0.083748
226 0.694250 0.085576
227 0.692750 0.088268
228 0.690500 0.089357
229 0.690500 0.089497
230 0.688000 0.090103
231 0.687500 0.087070
232 0.687750 0.086782
233 0.689500 0.084126
234 0.688750 0.081576
235 0.688500 0.079876
236 0.689500 0.081408
237 0.689250 0.083685
238 0.689750 0.085520
239 0.690750 0.085634
240 0.690000 0.083890
241 0.691250 0.084880
242 0.689500 0.084275
243 0.691750 0.085882
244 0.690750 0.083715
245 0.691750 0.085663
246 0.694500 0.085993
247 0.695500 0.085395
248 0.697500 0.084150
249 0.696000 0.084167
250 0.696000 0.085346
251 0.697250 0.086955
252 0.697250 0.086667
253 0.697000 0.085387
254 0.697250 0.082226
255 0.697500 0.082348
256 0.698500 0.082297
257 0.698000 0.083940
258 0.698000 0.084238
259 0.700750 0.082345
260 0.700250 0.082044
261 0.702000 0.078715
262 0.697000 0.075522
263 0.696250 0.072575
264 0.698750 0.073686
265 0.698250 0.073336
266 0.698250 0.075271
267 0.698500 0.077687
268 0.694000 0.078272
269 0.694250 0.079597
270 0.693500 0.079579
271 0.694500 0.078627
272 0.695250 0.078557
273 0.695500 0.076761
274 0.697250 0.078334
275 0.698750 0.079951
276 0.695500 0.082263
277 0.692250 0.083043
278 0.689250 0.084798
279 0.688750 0.084511
280 0.691500 0.085967
281 0.692000 0.084178
282 0.691750 0.085298
283 0.691750 0.086462
284 0.692750 0.084727
285 0.694750 0.084209
286 0.691750 0.082390
287 0.690250 0.081078
288 0.691250 0.081269
289 0.690250 0.080614
290 0.691000 0.081280
291 0.690750 0.080441
292 0.690000 0.079530
293 0.692250 0.082590
294 0.690000 0.083217
295 0.689250 0.081797
296 0.687500 0.082120
297 0.687750 0.081432
298 0.689250 0.080642
299 0.689250 0.079550
300 0.685750 0.081949
301 0.685750 0.082935
302 0.685000 0.082538
303 0.685250 0.081784
304 0.686250 0.083619
305 0.687750 0.084298
306 0.690250 0.085213
307 0.690750 0.087939
308 0.692000 0.087026
309 0.691500 0.085529
310 0.691500 0.085163
311 0.694000 0.087187
312 0.695250 0.084830
313 0.696000 0.083045
314 0.694500 0.085774
315 0.692250 0.087084
316 0.692250 0.086508
317 0.692000 0.088380
318 0.690500 0.086803
319 0.690250 0.087099
320 0.689000 0.087273
321 0.690500 0.088796
322 0.690500 0.089077
323 0.693500 0.088291
324 0.693750 0.088768
325 0.692000 0.087384
326 0.693000 0.087969
327 0.694750 0.089673
328 0.694000 0.091113
329 0.693500 0.093583
330 0.692500 0.094439
331 0.692000 0.097844
332 0.691500 0.097930
333 0.692000 0.096946
334 0.694500 0.097184
335 0.696000 0.098153
336 0.695750 0.100003
337 0.697500 0.098393
338 0.698000 0.095176
339 0.697000 0.096065
340 0.697000 0.093493
341 0.695000 0.095066
342 0.696500 0.094738
343 0.694500 0.095628
344 0.694250 0.093264
345 0.694250 0.094065
346 0.691250 0.092559
347 0.691750 0.091382
348 0.691250 0.092559
349 0.690750 0.094383
350 0.692250 0.098849
351 0.692750 0.098126
352 0.693000 0.097537
353 0.693500 0.094645
354 0.693500 0.092980
355 0.692250 0.090256
356 0.694500 0.090317
357 0.695500 0.091404
358 0.697250 0.093133
359 0.696750 0.093385
360 0.697000 0.094159
361 0.694750 0.095217
362 0.693750 0.096396
363 0.693000 0.097601
364 0.694250 0.100552
365 0.694500 0.098525
366 0.694000 0.098686
367 0.694500 0.096409
368 0.696000 0.097129
369 0.696750 0.099036
370 0.694250 0.098098
371 0.697250 0.097525
372 0.697000 0.095018
373 0.695750 0.094674
374 0.697500 0.095033
375 0.699000 0.095911
376 0.696500 0.096178
377 0.695000 0.096889
378 0.692250 0.097384
379 0.690750 0.096802
380 0.690750 0.097189
381 0.689500 0.098753
382 0.689000 0.099393
383 0.687500 0.098584
384 0.687500 0.099530
385 0.688000 0.097691
386 0.687500 0.096986
387 0.689500 0.097030
388 0.690500 0.096487
389 0.688750 0.096526
390 0.689250 0.094885
391 0.687750 0.094769
392 0.687250 0.096404
393 0.686750 0.095946
394 0.689500 0.096059
395 0.689500 0.096383
396 0.691250 0.094893
397 0.693000 0.095137
398 0.695250 0.094650
399 0.695500 0.093031
400 0.695250 0.091971
401 0.695750 0.093210
402 0.696000 0.092987
403 0.697250 0.092729
404 0.694500 0.091213
405 0.695750 0.090143
406 0.698250 0.090709
407 0.700500 0.090345
408 0.699750 0.090864
409 0.697500 0.090381
410 0.697000 0.091055
411 0.694250 0.089642
412 0.692750 0.092621
413 0.692250 0.090946
414 0.694250 0.090820
415 0.692000 0.092119
416 0.691500 0.091871
417 0.690750 0.089837
418 0.693750 0.087919
419 0.693500 0.085850
420 0.694000 0.084048
421 0.694000 0.084714
422 0.693000 0.082620
423 0.695000 0.081163
424 0.693250 0.078808
425 0.694250 0.079518
426 0.696250 0.079087
427 0.693500 0.080593
428 0.693500 0.080516
429 0.691000 0.080275
430 0.689500 0.079936
431 0.689750 0.081094
432 0.690500 0.084467
433 0.690000 0.085000
434 0.689500 0.084349
435 0.688000 0.078699
436 0.687250 0.077902
437 0.686500 0.075781
438 0.687000 0.072928
439 0.686250 0.072144
440 0.685500 0.071342
441 0.686500 0.069320
442 0.687750 0.070578
443 0.685750 0.071873
444 0.687250 0.073186
445 0.688000 0.070043
446 0.686750 0.071977
447 0.685500 0.072731
448 0.688750 0.074697
449 0.688000 0.074790
450 0.687500 0.076035
451 0.687000 0.076769
452 0.687750 0.076198
453 0.684750 0.075655
454 0.684750 0.075075
455 0.687000 0.076115
456 0.689750 0.075919
457 0.687500 0.077177
458 0.688500 0.078694
459 0.687000 0.081354
460 0.685500 0.080326
461 0.686250 0.081653
462 0.688750 0.081346
463 0.691500 0.081257
464 0.691250 0.083245
465 0.690250 0.082983
466 0.689750 0.083897
467 0.686750 0.086056
468 0.690500 0.085643
469 0.695000 0.086458
470 0.694500 0.085702
471 0.695250 0.087084
472 0.693750 0.087348
473 0.693500 0.086068
474 0.692750 0.087842
475 0.692500 0.087999
476 0.692750 0.088126
477 0.693000 0.087827
478 0.688250 0.088703
479 0.689500 0.086254
480 0.690500 0.087734
481 0.691000 0.087787
482 0.691500 0.088968
483 0.693250 0.090957
484 0.691500 0.092616
485 0.692000 0.092458
486 0.692500 0.092365
487 0.692000 0.089644
488 0.689750 0.089449
489 0.691750 0.091655
490 0.690250 0.088804
491 0.692500 0.088847
492 0.693500 0.088714
493 0.696500 0.087537
494 0.696250 0.087919
495 0.694750 0.089183
496 0.693750 0.087919
497 0.693500 0.088220
498 0.694500 0.086932
499 0.696250 0.084807
500 0.697000 0.084356
501 0.695750 0.086534
502 0.694000 0.087401
503 0.692500 0.086711
504 0.693750 0.087348
505 0.694500 0.087720
506 0.694250 0.088095
507 0.692250 0.087371
508 0.694500 0.089063
509 0.694000 0.088890
510 0.692250 0.087870
511 0.692250 0.086508
512 0.693000 0.085592
513 0.694000 0.084196
514 0.693750 0.083170
515 0.695000 0.085000
516 0.696750 0.086288
517 0.696000 0.086727
518 0.696000 0.085493
519 0.696750 0.085925
520 0.696250 0.085394
521 0.697250 0.085213
522 0.696500 0.087108
523 0.696000 0.086799
524 0.697750 0.085885
525 0.699000 0.085799
526 0.700500 0.086167
527 0.701750 0.085459
528 0.703500 0.084485
529 0.702750 0.082150
530 0.703500 0.081626
531 0.704000 0.083720
532 0.704500 0.082111
533 0.704000 0.085420
534 0.705250 0.087628
535 0.704000 0.091837
536 0.702750 0.088875
537 0.700000 0.088882
538 0.696250 0.090718
539 0.693750 0.092085
540 0.694250 0.088378
541 0.692500 0.088706
542 0.692500 0.090381
543 0.691500 0.088404
544 0.691750 0.088956
545 0.690000 0.089582
546 0.687500 0.088987
547 0.690750 0.088928
548 0.688000 0.087141
549 0.685750 0.087768
550 0.687000 0.086925
551 0.687500 0.089965
552 0.688750 0.093165
553 0.687500 0.094373
554 0.686750 0.093103
555 0.683750 0.092694
556 0.684500 0.093527
557 0.687250 0.094571
558 0.687500 0.095623
559 0.687750 0.094901
560 0.687750 0.092093
561 0.689750 0.091862
562 0.689250 0.090018
563 0.691750 0.089097
564 0.690500 0.089846
565 0.689250 0.086765
566 0.690000 0.088034
567 0.689500 0.086688
568 0.691250 0.086268
569 0.691750 0.084930
570 0.695500 0.084215
571 0.696750 0.084827
572 0.695750 0.083819
573 0.695750 0.083595
574 0.700500 0.079450
575 0.699000 0.077614
576 0.700000 0.077217
577 0.702250 0.078030
578 0.702250 0.079773
579 0.702000 0.078157
580 0.702750 0.078652
581 0.706000 0.081863
582 0.707250 0.080179
583 0.708500 0.078916
584 0.703250 0.076783
585 0.700500 0.078976
586 0.698500 0.078088
587 0.696750 0.080129
588 0.694500 0.079261
589 0.697250 0.077290
590 0.697000 0.079866
591 0.700000 0.079922
592 0.700250 0.080117
593 0.699500 0.078897
594 0.695000 0.080545
595 0.692250 0.084165
596 0.689000 0.083090
597 0.690000 0.083292
598 0.692250 0.082817
599 0.689250 0.080797
600 0.685750 0.079942
601 0.680750 0.083281
602 0.679250 0.083371
603 0.679500 0.082944
604 0.683500 0.082706
605 0.685500 0.081791
606 0.685750 0.083386
607 0.687500 0.082953
608 0.688250 0.085180
609 0.690750 0.085048
610 0.690750 0.082360
611 0.691250 0.083094
612 0.692500 0.081662
613 0.693750 0.079951
614 0.696750 0.078871
615 0.697500 0.081279
616 0.700750 0.080192
617 0.704250 0.079456
618 0.702500 0.080429
619 0.701750 0.080875
620 0.702250 0.079537
621 0.702250 0.078509
622 0.703000 0.080022
623 0.703000 0.080178
624 0.704500 0.082869
625 0.703000 0.082635
626 0.700500 0.080621
627 0.699000 0.080849
628 0.701750 0.078840
629 0.699000 0.080150
630 0.695750 0.082542
631 0.694500 0.083110
632 0.698000 0.084829
633 0.699500 0.084556
634 0.700000 0.083141
635 0.697750 0.083299
636 0.696500 0.082084
637 0.694500 0.083110
638 0.695750 0.083446
639 0.693250 0.082375
640 0.691750 0.081014
641 0.691750 0.080082
642 0.690750 0.079030
643 0.689750 0.080319
644 0.690250 0.078970
645 0.687000 0.078540
646 0.687500 0.079412
647 0.687500 0.079412
648 0.687500 0.078302
649 0.686250 0.077892
650 0.685750 0.077238
651 0.687000 0.074873
652 0.688750 0.074109
653 0.688750 0.076024
654 0.687750 0.077580
655 0.689750 0.075754
656 0.691750 0.078187
657 0.693000 0.076573
658 0.692500 0.075952
659 0.692500 0.073866
660 0.693500 0.077992
661 0.688750 0.079166
662 0.691500 0.080251
663 0.693500 0.075797
664 0.695500 0.076680
665 0.694750 0.076428
666 0.691750 0.078586
667 0.692250 0.080366
668 0.696250 0.079166
669 0.694750 0.081647
670 0.693500 0.082509
671 0.692250 0.084090
672 0.692250 0.082893
673 0.694000 0.082244
674 0.694250 0.083206
675 0.696000 0.082517
676 0.695250 0.082515
677 0.693000 0.081400
678 0.692750 0.083088
679 0.693250 0.081690
680 0.692750 0.082862
681 0.695750 0.084562
682 0.695250 0.083494
683 0.698750 0.082035
684 0.700000 0.082310
685 0.699250 0.082269
686 0.700250 0.082575
687 0.699250 0.081888
688 0.700500 0.083065
689 0.703000 0.084208
690 0.704000 0.084092
691 0.707000 0.082771
692 0.708750 0.082566
693 0.709250 0.083715
694 0.709750 0.084771
695 0.707000 0.086536
696 0.705000 0.087393
697 0.706000 0.088114
698 0.708250 0.087896
699 0.705000 0.084261
700 0.705750 0.085356
701 0.704250 0.086100
702 0.703750 0.087491
703 0.700500 0.086239
704 0.699500 0.085292
705 0.698750 0.084585
706 0.700000 0.086023
707 0.699250 0.087067
708 0.698250 0.087482
709 0.699000 0.087316
710 0.701000 0.089297
711 0.699750 0.090034
712 0.698750 0.088273
713 0.699000 0.088524
714 0.697500 0.087357
715 0.698250 0.088052
716 0.698000 0.084312
717 0.696750 0.084384
718 0.699000 0.082759
719 0.699000 0.083361
720 0.698750 0.083992
721 0.700000 0.083591
722 0.699250 0.082345
723 0.697500 0.078700
724 0.694750 0.077886
725 0.692500 0.078062
726 0.690750 0.078871
727 0.691500 0.079861
728 0.690500 0.079905
729 0.691500 0.080017
730 0.692750 0.080335
731 0.692500 0.083404
732 0.691500 0.082932
733 0.691000 0.082198
734 0.691500 0.083383
735 0.689500 0.085964
736 0.690750 0.085707
737 0.690000 0.088105
738 0.689250 0.089879
739 0.688750 0.090095
740 0.687250 0.086782
741 0.685750 0.083610
742 0.682500 0.083554
743 0.679000 0.086510
744 0.680000 0.084261
745 0.682000 0.084045
746 0.679750 0.082893
747 0.682500 0.082500
748 0.685000 0.080390
749 0.682500 0.079096
750 0.681250 0.078052
751 0.681000 0.081019
752 0.678000 0.082483
753 0.677750 0.083882
754 0.677750 0.083733
755 0.677500 0.081815
756 0.676000 0.082683
757 0.678500 0.082992
758 0.677250 0.084491
759 0.674750 0.086566
760 0.672500 0.087500
761 0.671000 0.087943
762 0.670250 0.087657
763 0.673000 0.087083
764 0.672500 0.087142
765 0.672750 0.088324
766 0.673500 0.090196
767 0.675000 0.091652
768 0.675000 0.093408
769 0.677750 0.091849
770 0.678500 0.091585
771 0.680500 0.090732
772 0.678750 0.090786
773 0.679750 0.091835
774 0.679750 0.091221
775 0.682750 0.093721
776 0.685000 0.096566
777 0.683750 0.094629
778 0.683250 0.092063
779 0.683000 0.095778
780 0.681000 0.096444
781 0.682000 0.100067
782 0.679750 0.101470
783 0.677500 0.102926
784 0.676250 0.102736
785 0.676250 0.104066
786 0.675500 0.104880
787 0.674750 0.104672
788 0.672250 0.102524
789 0.673500 0.104691
790 0.675250 0.102500
791 0.676250 0.099271
792 0.674750 0.099968
793 0.673250 0.100701
794 0.673250 0.101135
795 0.675750 0.105087
796 0.677000 0.104862
797 0.677250 0.104946
798 0.676000 0.106120
799 0.676750 0.105845
